话题	在榜日期	在榜时间	topic_flag	word_scheme	word	icon_desc	flag_desc	is_ad
#西藏泥石流265人失联3人遇难#	20260827	20260827_00:02:32	yes	#西藏泥石流265人失联3人遇难#	西藏泥石流265人失联3人遇难	爆		no
#成毅用工作人员肩膀压腿#	20260827	20260827_00:02:32	yes	#成毅用工作人员肩膀压腿#	成毅用工作人员肩膀压腿	热	剧集	no
#未来五年加快打造新兴支柱产业#	20260827	20260827_00:02:32	yes	#未来五年加快打造新兴支柱产业#	未来五年加快打造新兴支柱产业			no
#台湾童星徐杰去世#	20260827	20260827_00:02:32	yes	#台湾童星徐杰去世#	台湾童星徐杰去世	热		no
#学费被家长充错成话费了#	20260827	20260827_00:02:32	no	学费被家长充错成话费了	学费被家长充错成话费了			no
#西藏泥石流救援现场#	20260827	20260827_00:02:32	yes	#西藏泥石流救援现场#	西藏泥石流救援现场			no
#早春晴朗口碑#	20260827	20260827_00:02:32	no	早春晴朗口碑	早春晴朗口碑	新	剧集	no
#男频和女频的区别#	20260827	20260827_00:02:32	no	男频和女频的区别	男频和女频的区别	新		no
#尼泊尔北部山洪致近400人失联#	20260827	20260827_00:02:32	yes	#尼泊尔北部山洪致近400人失联#	尼泊尔北部山洪致近400人失联	沸		no
#中印边界问题8点成果共识#	20260827	20260827_00:02:32	yes	#中印边界问题8点成果共识#	中印边界问题8点成果共识	新		no
#Gucci官旗给宁艺卓P了裤子#	20260827	20260827_00:02:32	no	Gucci官旗给宁艺卓P了裤子	Gucci官旗给宁艺卓P了裤子	新		no
#吉隆口岸#	20260827	20260827_00:02:32	no	吉隆口岸	吉隆口岸	沸		no
#西部战区空军派无人机赴吉隆勘察#	20260827	20260827_00:02:32	yes	#西部战区空军派无人机赴吉隆勘察#	西部战区空军派无人机赴吉隆勘察	新		no
#年轻人不会被电诈的原因#	20260827	20260827_00:02:32	no	年轻人不会被电诈的原因	年轻人不会被电诈的原因			no
#中国游客泥石流逃生朋友失联#	20260827	20260827_00:02:32	yes	#中国游客泥石流逃生朋友失联#	中国游客泥石流逃生朋友失联	新		no
#侯卓成起诉王垲智#	20260827	20260827_00:02:32	yes	#侯卓成起诉王垲智#	侯卓成起诉王垲智			no
#现在就出发#	20260827	20260827_00:02:32	no	现在就出发	现在就出发	新	综艺	no
#黄金价格持续上涨#	20260827	20260827_00:02:32	no	黄金价格持续上涨	黄金价格持续上涨	新		no
#泥浆离游客最近仅1米#	20260827	20260827_00:02:32	yes	#泥浆离游客最近仅1米#	泥浆离游客最近仅1米	新		no
#特斯拉中国报警#	20260827	20260827_00:02:32	yes	#特斯拉中国报警#	特斯拉中国报警			no
#包文婧曾说再信包贝尔一次#	20260827	20260827_00:02:32	yes	#包文婧曾说再信包贝尔一次#	包文婧曾说再信包贝尔一次	热		no
#侯卓成说亏欠杨汝晴#	20260827	20260827_00:02:32	yes	#侯卓成说亏欠杨汝晴#	侯卓成说亏欠杨汝晴			no
#磁场干净的人有奶香味#	20260827	20260827_00:02:32	no	磁场干净的人有奶香味	磁场干净的人有奶香味			no
#爱情公寓官方换头像#	20260827	20260827_00:02:32	yes	#爱情公寓官方换头像#	爱情公寓官方换头像		剧集	no
#尼泊尔山洪遇难人数升至72人#	20260827	20260827_00:02:32	yes	#尼泊尔山洪遇难人数升至72人#	尼泊尔山洪遇难人数升至72人			no
#包贝尔内娱第一位许愿柳使用者#	20260827	20260827_00:02:32	yes	#包贝尔内娱第一位许愿柳使用者#	包贝尔内娱第一位许愿柳使用者			no
#欢子搞错被告了#	20260827	20260827_00:02:32	yes	#欢子搞错被告了#	欢子搞错被告了		综艺	no
#千万不要把秘密留在行李箱#	20260827	20260827_00:02:32	no	千万不要把秘密留在行李箱	千万不要把秘密留在行李箱			no
#章子怡短发狼尾#	20260827	20260827_00:02:32	yes	#章子怡短发狼尾#	章子怡短发狼尾	新		no
#老凤祥业绩#	20260827	20260827_00:02:32	yes	#老凤祥业绩#	老凤祥业绩	新		no
#安踏前CEO前脚说爱国扭头搬家美国#	20260827	20260827_00:02:32	yes	#安踏前CEO前脚说爱国扭头搬家美国#	安踏前CEO前脚说爱国扭头搬家美国			no
#包文婧转发区#	20260827	20260827_00:02:32	yes	#包文婧转发区#	包文婧转发区			no
#刘翔 十年了想起来安置我了#	20260827	20260827_00:02:32	no	刘翔 十年了想起来安置我了	刘翔 十年了想起来安置我了	新		no
#麦迪娜减肥的方法太狠了#	20260827	20260827_00:02:32	yes	#麦迪娜减肥的方法太狠了#	麦迪娜减肥的方法太狠了	新		no
#欢子起诉湖南卫视#	20260827	20260827_00:02:32	no	欢子起诉湖南卫视	欢子起诉湖南卫视		综艺	no
#吉隆口岸仍处于失联状态#	20260827	20260827_00:02:32	yes	#吉隆口岸仍处于失联状态#	吉隆口岸仍处于失联状态	新		no
#中国新能源汽车为何能领跑全球#	20260827	20260827_00:02:32	yes	#中国新能源汽车为何能领跑全球#	中国新能源汽车为何能领跑全球			no
#原配称想不通第三者比自己大10岁#	20260827	20260827_00:02:32	yes	#原配称想不通第三者比自己大10岁#	原配称想不通第三者比自己大10岁	新		no
#宋雨琦肿成蜜蜂小狗#	20260827	20260827_00:02:32	yes	#宋雨琦肿成蜜蜂小狗#	宋雨琦肿成蜜蜂小狗			no
#尼泊尔方面找到97具山洪遇难者遗体#	20260827	20260827_00:02:32	yes	#尼泊尔方面找到97具山洪遇难者遗体#	尼泊尔方面找到97具山洪遇难者遗体	新		no
#社保有多厉害可能超乎你的想象#	20260827	20260827_00:02:32	no	社保有多厉害可能超乎你的想象	社保有多厉害可能超乎你的想象			no
#婚礼41天丧夫女子被赶出婆家#	20260827	20260827_00:02:32	yes	#婚礼41天丧夫女子被赶出婆家#	婚礼41天丧夫女子被赶出婆家	新		no
#王安宇晒与贾冰白敬亭合照放C位#	20260827	20260827_00:02:32	yes	#王安宇晒与贾冰白敬亭合照放C位#	王安宇晒与贾冰白敬亭合照放C位		综艺	no
#这竟然是冯绍峰#	20260827	20260827_00:02:32	yes	#这竟然是冯绍峰#	这竟然是冯绍峰		剧集	no
#刘翔名下企业已注销#	20260827	20260827_00:02:32	yes	#刘翔名下企业已注销#	刘翔名下企业已注销	新		no
#惠英红回应郭晓婷长得像#	20260827	20260827_00:02:32	no	惠英红回应郭晓婷长得像	惠英红回应郭晓婷长得像	新	电影	no
#DYG周边 贵#	20260827	20260827_00:02:32	no	DYG周边 贵	DYG周边 贵	新		no
#尼泊尔失联外国游客多数来自印度#	20260827	20260827_00:02:32	yes	#尼泊尔失联外国游客多数来自印度#	尼泊尔失联外国游客多数来自印度	新		no
#牛来模型确认为智谱GLM系列#	20260827	20260827_00:02:32	yes	#牛来模型确认为智谱GLM系列#	牛来模型确认为智谱GLM系列			no
#宁静力挺湖南卫视#	20260827	20260827_00:02:32	yes	#宁静力挺湖南卫视#	宁静力挺湖南卫视			no
#俄罗斯火灾致中国公民6死9失联#	20260827	20260827_00:12:25	yes	#俄罗斯火灾致中国公民6死9失联#	俄罗斯火灾致中国公民6死9失联			no
#小天才还要逼疯多少家长#	20260827	20260827_00:12:25	no	小天才还要逼疯多少家长	小天才还要逼疯多少家长	新		no
#娜扎演技 进步#	20260827	20260827_00:12:25	no	娜扎演技 进步	娜扎演技 进步	新	剧集	no
#美中情局局长秘访莫斯科#	20260827	20260827_00:12:25	yes	#美中情局局长秘访莫斯科#	美中情局局长秘访莫斯科	新		no
#警方通报女骑手高速狂飙时速超200公里#	20260827	20260827_00:12:25	yes	#警方通报女骑手高速狂飙时速超200公里#	警方通报女骑手高速狂飙时速超200公里	新		no
#吃药期间能喝绿豆汤吗#	20260827	20260827_00:22:26	yes		吃药期间能喝绿豆汤吗	辟谣		yes
#黄金价格持续上涨#	20260827	20260827_00:22:26	no	黄金价格持续上涨	黄金价格持续上涨			no
#包文婧曾找赵奕欢当面对峙#	20260827	20260827_00:22:26	yes	#包文婧曾找赵奕欢当面对峙#	包文婧曾找赵奕欢当面对峙	新		no
#现在就出发#	20260827	20260827_00:22:26	no	现在就出发	现在就出发		综艺	no
#吉隆口岸仍处于失联状态#	20260827	20260827_00:22:26	yes	#吉隆口岸仍处于失联状态#	吉隆口岸仍处于失联状态			no
#肖战一次的勇敢换来一生的内向#	20260827	20260827_00:22:26	no	肖战一次的勇敢换来一生的内向	肖战一次的勇敢换来一生的内向			no
#早春晴朗口碑#	20260827	20260827_00:32:04	no	早春晴朗口碑	早春晴朗口碑		剧集	no
#来京东报销全网家装旧订单#	20260827	20260827_00:32:04	yes		来京东报销全网家装旧订单	火热		yes
#西部战区空军派无人机赴吉隆勘察#	20260827	20260827_00:32:04	yes	#西部战区空军派无人机赴吉隆勘察#	西部战区空军派无人机赴吉隆勘察			no
#张桂源什么时候营业#	20260827	20260827_00:32:04	no	张桂源什么时候营业	张桂源什么时候营业	新	剧集	no
#成毅用工作人员肩膀压腿#	20260827	20260827_00:32:04	yes	#成毅用工作人员肩膀压腿#	成毅用工作人员肩膀压腿		剧集	no
#500万人口政务App每天仅60人用#	20260827	20260827_00:32:04	yes	#500万人口政务App每天仅60人用#	500万人口政务App每天仅60人用	新		no
#海南大学失联女研究生最后现身桥下#	20260827	20260827_00:32:04	yes	#海南大学失联女研究生最后现身桥下#	海南大学失联女研究生最后现身桥下	新		no
#西藏泥石流265人失联3人遇难#	20260827	20260827_00:42:10	yes	#西藏泥石流265人失联3人遇难#	西藏泥石流265人失联3人遇难	沸		no
#泰钽700才是颜王该开的车#	20260827	20260827_00:42:10	yes		泰钽700才是颜王该开的车	首发		yes
#吉隆口岸附近多发地质灾害原因探秘#	20260827	20260827_00:52:59	yes	#吉隆口岸附近多发地质灾害原因探秘#	吉隆口岸附近多发地质灾害原因探秘	新		no
#原配称想不通第三者比自己大10岁#	20260827	20260827_00:52:59	yes	#原配称想不通第三者比自己大10岁#	原配称想不通第三者比自己大10岁			no
#DYG周边 贵#	20260827	20260827_00:52:59	no	DYG周边 贵	DYG周边 贵			no
#金价大涨终于熬出头#	20260827	20260827_01:03:22	yes	#金价大涨终于熬出头#	金价大涨终于熬出头	新		no
#30岁女子长期吃外卖出现心衰征兆#	20260827	20260827_01:03:22	yes	#30岁女子长期吃外卖出现心衰征兆#	30岁女子长期吃外卖出现心衰征兆	新		no
#理想汽车二季度业绩#	20260827	20260827_01:03:22	yes	#理想汽车二季度业绩#	理想汽车二季度业绩	新		no
#外媒盛赞王楚钦#	20260827	20260827_01:03:22	yes	#外媒盛赞王楚钦#	外媒盛赞王楚钦	新		no
#中国女排3比0中国台北#	20260827	20260827_01:03:22	yes	#中国女排3比0中国台北#	中国女排3比0中国台北	新		no
#用洗衣机洗鞋的人天塌了#	20260827	20260827_01:03:22	yes	#用洗衣机洗鞋的人天塌了#	用洗衣机洗鞋的人天塌了			no
#表达泛滥的时候就去抄一遍古文#	20260827	20260827_01:03:22	no	表达泛滥的时候就去抄一遍古文	表达泛滥的时候就去抄一遍古文	新		no
#年轻人真的把多运动听进去了#	20260827	20260827_01:03:22	no	年轻人真的把多运动听进去了	年轻人真的把多运动听进去了			no
#网友曝瑞幸联名方曾将台湾列为国家#	20260827	20260827_01:03:22	yes	#网友曝瑞幸联名方曾将台湾列为国家#	网友曝瑞幸联名方曾将台湾列为国家			no
#心软的人缺的不是狠是边界#	20260827	20260827_01:03:22	no	心软的人缺的不是狠是边界	心软的人缺的不是狠是边界	新		no
#男频和女频的区别#	20260827	20260827_01:12:57	no	男频和女频的区别	男频和女频的区别			no
#婚礼41天丧夫女子被赶出婆家#	20260827	20260827_01:12:57	yes	#婚礼41天丧夫女子被赶出婆家#	婚礼41天丧夫女子被赶出婆家			no
#刘翔名下企业已注销#	20260827	20260827_01:12:57	yes	#刘翔名下企业已注销#	刘翔名下企业已注销			no
#魏哲鸣刘些宁差点亲上#	20260827	20260827_01:12:57	yes	#魏哲鸣刘些宁差点亲上#	魏哲鸣刘些宁差点亲上	新	剧集	no
#无畏到底有几个好哥哥#	20260827	20260827_01:12:57	yes	#无畏到底有几个好哥哥#	无畏到底有几个好哥哥	新		no
#尼泊尔方面找到97具山洪遇难者遗体#	20260827	20260827_01:25:04	yes	#尼泊尔方面找到97具山洪遇难者遗体#	尼泊尔方面找到97具山洪遇难者遗体			no
#老凤祥业绩#	20260827	20260827_01:25:04	yes	#老凤祥业绩#	老凤祥业绩			no
#惠英红回应郭晓婷长得像#	20260827	20260827_01:32:35	yes	#惠英红回应郭晓婷长得像#	惠英红回应郭晓婷长得像		电影	no
#尼泊尔失联外国游客多数来自印度#	20260827	20260827_01:32:35	yes	#尼泊尔失联外国游客多数来自印度#	尼泊尔失联外国游客多数来自印度			no
#中印边界问题8点成果共识#	20260827	20260827_01:32:35	yes	#中印边界问题8点成果共识#	中印边界问题8点成果共识			no
#娜扎演技 进步#	20260827	20260827_01:41:44	no	娜扎演技 进步	娜扎演技 进步		剧集	no
#警方通报女骑手高速狂飙时速超200公里#	20260827	20260827_01:41:44	yes	#警方通报女骑手高速狂飙时速超200公里#	警方通报女骑手高速狂飙时速超200公里			no
#小天才还要逼疯多少家长#	20260827	20260827_01:41:44	yes	#小天才还要逼疯多少家长#	小天才还要逼疯多少家长			no
#智谱发布GLM5.3Flash#	20260827	20260827_01:41:44	yes	#智谱发布GLM5.3Flash#	智谱发布GLM5.3Flash	新		no
#小天才还要逼疯多少家长#	20260827	20260827_01:54:32	yes	#小天才还要逼疯多少家长#	小天才还要逼疯多少家长	热		no
#西藏泥石流救援现场#	20260827	20260827_01:54:32	yes	#西藏泥石流救援现场#	西藏泥石流救援现场	沸		no
#海南大学失联女研究生最后现身桥下#	20260827	20260827_02:02:50	yes	#海南大学失联女研究生最后现身桥下#	海南大学失联女研究生最后现身桥下			no
#500万人口政务App每天仅60人用#	20260827	20260827_02:02:50	yes	#500万人口政务App每天仅60人用#	500万人口政务App每天仅60人用			no
#张桂源什么时候营业#	20260827	20260827_02:02:50	no	张桂源什么时候营业	张桂源什么时候营业		剧集	no
#30岁女子长期吃外卖出现心衰征兆#	20260827	20260827_02:16:34	yes	#30岁女子长期吃外卖出现心衰征兆#	30岁女子长期吃外卖出现心衰征兆			no
#吉隆口岸附近多发地质灾害原因探秘#	20260827	20260827_02:22:20	yes	#吉隆口岸附近多发地质灾害原因探秘#	吉隆口岸附近多发地质灾害原因探秘			no
#金价大涨终于熬出头#	20260827	20260827_02:32:56	yes	#金价大涨终于熬出头#	金价大涨终于熬出头	热		no
#理想汽车二季度业绩#	20260827	20260827_02:32:56	yes	#理想汽车二季度业绩#	理想汽车二季度业绩			no
#表达泛滥的时候就去抄一遍古文#	20260827	20260827_02:32:56	no	表达泛滥的时候就去抄一遍古文	表达泛滥的时候就去抄一遍古文			no
#外媒盛赞王楚钦#	20260827	20260827_02:32:56	yes	#外媒盛赞王楚钦#	外媒盛赞王楚钦			no
#心软的人缺的不是狠是边界#	20260827	20260827_02:32:56	no	心软的人缺的不是狠是边界	心软的人缺的不是狠是边界			no
#中国女排3比0中国台北#	20260827	20260827_02:42:10	yes	#中国女排3比0中国台北#	中国女排3比0中国台北			no
#无畏到底有几个好哥哥#	20260827	20260827_02:42:10	yes	#无畏到底有几个好哥哥#	无畏到底有几个好哥哥			no
#台湾童星徐杰去世#	20260827	20260827_02:54:31	yes	#台湾童星徐杰去世#	台湾童星徐杰去世			no
#西藏有二次泥石流风险#	20260827	20260827_03:03:05	yes	#西藏有二次泥石流风险#	西藏有二次泥石流风险	新		no
#什么会影响前额叶的状态#	20260827	20260827_03:17:36	no	什么会影响前额叶的状态	什么会影响前额叶的状态	新		no
#做好6件事远离胃癌#	20260827	20260827_03:24:14	yes	#做好6件事远离胃癌#	做好6件事远离胃癌	新		no
#舒淇朱一龙众神归位#	20260827	20260827_03:33:37	yes		舒淇朱一龙众神归位	重磅		yes
#彭昱畅被宋亚轩扛完又被张真源扛#	20260827	20260827_03:52:16	yes	#彭昱畅被宋亚轩扛完又被张真源扛#	彭昱畅被宋亚轩扛完又被张真源扛	新	综艺	no
#13.78万起阿尔法T7超预期#	20260827	20260827_04:12:15	yes		13.78万起阿尔法T7超预期	首发		yes
#张泽禹青苹果发带#	20260827	20260827_04:12:15	yes	#张泽禹青苹果发带#	张泽禹青苹果发带	新	演出	no
#做好6件事远离胃癌#	20260827	20260827_04:22:23	yes	#做好6件事远离胃癌#	做好6件事远离胃癌			no
#西藏有二次泥石流风险#	20260827	20260827_04:32:22	yes	#西藏有二次泥石流风险#	西藏有二次泥石流风险			no
#什么会影响前额叶的状态#	20260827	20260827_04:51:34	no	什么会影响前额叶的状态	什么会影响前额叶的状态			no
#陈飞宇包场惠英红新片数到三#	20260827	20260827_04:51:34	yes	#陈飞宇包场惠英红新片数到三#	陈飞宇包场惠英红新片数到三	新	电影	no
#吉隆口岸#	20260827	20260827_05:12:17	no	吉隆口岸	吉隆口岸			no
#彭昱畅被宋亚轩扛完又被张真源扛#	20260827	20260827_05:12:17	yes	#彭昱畅被宋亚轩扛完又被张真源扛#	彭昱畅被宋亚轩扛完又被张真源扛		综艺	no
#吉隆口岸 地势#	20260827	20260827_05:32:19	no	吉隆口岸 地势	吉隆口岸 地势	新		no
#买来的东西如果不合适一定要立马退掉#	20260827	20260827_05:52:01	no	买来的东西如果不合适一定要立马退掉	买来的东西如果不合适一定要立马退掉	新		no
#西藏泥石流265人失联3人遇难#	20260827	20260827_06:22:20	yes	#西藏泥石流265人失联3人遇难#	西藏泥石流265人失联3人遇难	热		no
#陈飞宇包场惠英红新片数到三#	20260827	20260827_06:22:20	yes	#陈飞宇包场惠英红新片数到三#	陈飞宇包场惠英红新片数到三		电影	no
#跑步和举铁谁更长寿#	20260827	20260827_06:42:16	no	跑步和举铁谁更长寿	跑步和举铁谁更长寿	新		no
#3万件物资支持西藏救灾#	20260827	20260827_07:02:10	yes	#3万件物资支持西藏救灾#	3万件物资支持西藏救灾			no
#办事大厅被拍空岗后禁群众带手机进入#	20260827	20260827_07:02:10	yes	#办事大厅被拍空岗后禁群众带手机进入#	办事大厅被拍空岗后禁群众带手机进入	新		no
#刘翔#	20260827	20260827_07:02:10	no	刘翔	刘翔	新		no
#刘翔回应安置二选一#	20260827	20260827_07:02:10	yes	#刘翔回应安置二选一#	刘翔回应安置二选一	新		no
#刘翔再发文征求广大网友意见#	20260827	20260827_07:02:10	yes	#刘翔再发文征求广大网友意见#	刘翔再发文征求广大网友意见	新		no
#6个症状要警惕胃癌前兆#	20260827	20260827_07:02:10	yes	#6个症状要警惕胃癌前兆#	6个症状要警惕胃癌前兆	新		no
#吉隆口岸 地势#	20260827	20260827_07:02:10	no	吉隆口岸 地势	吉隆口岸 地势			no
#早春晴朗开播下沉市场口碑#	20260827	20260827_07:02:10	yes	#早春晴朗开播下沉市场口碑#	早春晴朗开播下沉市场口碑	新	剧集	no
#一觉醒来家里的猫长到两米#	20260827	20260827_07:12:22	no	一觉醒来家里的猫长到两米	一觉醒来家里的猫长到两米	新		no
#包文婧并非为爱改姓#	20260827	20260827_07:21:53	yes	#包文婧并非为爱改姓#	包文婧并非为爱改姓	新		no
#尼泊尔山洪已致157死#	20260827	20260827_07:21:53	yes	#尼泊尔山洪已致157死#	尼泊尔山洪已致157死	新		no
#买来的东西如果不合适一定要立马退掉#	20260827	20260827_07:21:53	no	买来的东西如果不合适一定要立马退掉	买来的东西如果不合适一定要立马退掉			no
#刘翔反问上海体育局#	20260827	20260827_07:32:23	yes	#刘翔反问上海体育局#	刘翔反问上海体育局	新		no
#侯卓成杨汝晴推迟订婚了#	20260827	20260827_07:32:23	yes	#侯卓成杨汝晴推迟订婚了#	侯卓成杨汝晴推迟订婚了	新	综艺	no
#包文婧曾说再信包贝尔一次#	20260827	20260827_07:32:23	yes	#包文婧曾说再信包贝尔一次#	包文婧曾说再信包贝尔一次			no
#王安宇把沈腾编辑进小图#	20260827	20260827_07:42:17	yes	#王安宇把沈腾编辑进小图#	王安宇把沈腾编辑进小图	新		no
#英伟达财报#	20260827	20260827_07:42:17	no	英伟达财报	英伟达财报	新		no
#刘翔说没执教经验当教练是毁人前途#	20260827	20260827_07:42:17	yes	#刘翔说没执教经验当教练是毁人前途#	刘翔说没执教经验当教练是毁人前途	新		no
#苹果发布会定档#	20260827	20260827_07:42:17	no	苹果发布会定档	苹果发布会定档	新		no
#店主帮扶老人被索赔1.9万元新进展#	20260827	20260827_07:42:17	yes	#店主帮扶老人被索赔1.9万元新进展#	店主帮扶老人被索赔1.9万元新进展	新		no
#樊振东vs伯特兰#	20260827	20260827_07:42:17	no	樊振东vs伯特兰	樊振东vs伯特兰	新		no
#樊振东3比0伯特兰#	20260827	20260827_07:42:17	yes	#樊振东3比0伯特兰#	樊振东3比0伯特兰	新		no
#章子怡短发狼尾#	20260827	20260827_07:42:17	yes	#章子怡短发狼尾#	章子怡短发狼尾			no
#英伟达二季度营收962亿美元#	20260827	20260827_07:52:17	yes	#英伟达二季度营收962亿美元#	英伟达二季度营收962亿美元	新		no
#姆巴佩帽子戏法#	20260827	20260827_07:52:17	no	姆巴佩帽子戏法	姆巴佩帽子戏法	新		no
#比尔盖茨发12页长文警告AI风险#	20260827	20260827_07:52:17	yes	#比尔盖茨发12页长文警告AI风险#	比尔盖茨发12页长文警告AI风险	新		no
#首架中国救援队包机即将飞往日喀则#	20260827	20260827_07:52:17	yes	#首架中国救援队包机即将飞往日喀则#	首架中国救援队包机即将飞往日喀则	新		no
#张桂源烫了个头发#	20260827	20260827_07:52:17	yes	#张桂源烫了个头发#	张桂源烫了个头发	新		no
#老人家属已退还店主被索赔1.9万元#	20260827	20260827_07:52:17	yes	#老人家属已退还店主被索赔1.9万元#	老人家属已退还店主被索赔1.9万元	新		no
#金价大涨终于熬出头#	20260827	20260827_08:02:36	yes	#金价大涨终于熬出头#	金价大涨终于熬出头			no
#沈腾范丞丞合照帅成AI了#	20260827	20260827_08:02:36	yes	#沈腾范丞丞合照帅成AI了#	沈腾范丞丞合照帅成AI了	新	综艺	no
#皇马4比1皇家社会#	20260827	20260827_08:02:36	no	皇马4比1皇家社会	皇马4比1皇家社会	新		no
#乒乓球德甲联赛#	20260827	20260827_08:02:36	no	乒乓球德甲联赛	乒乓球德甲联赛	新		no
#济州岛#	20260827	20260827_08:12:20	no	济州岛	济州岛	新		no
#刘翔上海体育局职务#	20260827	20260827_08:12:20	yes	#刘翔上海体育局职务#	刘翔上海体育局职务	新		no
#英伟达财报定A股方向#	20260827	20260827_08:12:20	no	英伟达财报定A股方向	英伟达财报定A股方向	新		no
#奥利刚打的炫耀一下#	20260827	20260827_08:12:20	yes	#奥利刚打的炫耀一下#	奥利刚打的炫耀一下	新		no
#郑钦文2比0布蕾尔#	20260827	20260827_08:12:20	yes	#郑钦文2比0布蕾尔#	郑钦文2比0布蕾尔	新		no
#官方辟谣武汉轮椅老人高架碰瓷#	20260827	20260827_08:21:58	yes		官方辟谣武汉轮椅老人高架碰瓷	辟谣		yes
#办事大厅被拍空岗后禁群众带手机进入#	20260827	20260827_08:32:18	yes	#办事大厅被拍空岗后禁群众带手机进入#	办事大厅被拍空岗后禁群众带手机进入			no
#西藏吉隆口岸方向发现堰塞湖#	20260827	20260827_08:32:18	yes	#西藏吉隆口岸方向发现堰塞湖#	西藏吉隆口岸方向发现堰塞湖	新		no
#尼泊尔泥石流#	20260827	20260827_08:32:18	no	尼泊尔泥石流	尼泊尔泥石流	新		no
#早春晴朗开播下沉市场口碑#	20260827	20260827_08:32:18	yes	#早春晴朗开播下沉市场口碑#	早春晴朗开播下沉市场口碑		剧集	no
#刘翔退役11年为何现在才安置#	20260827	20260827_08:32:18	yes	#刘翔退役11年为何现在才安置#	刘翔退役11年为何现在才安置	新		no
#6个症状要警惕胃癌前兆#	20260827	20260827_08:32:18	yes	#6个症状要警惕胃癌前兆#	6个症状要警惕胃癌前兆			no
#刘翔#	20260827	20260827_08:32:18	no	刘翔	刘翔			no
#刘翔回应安置二选一#	20260827	20260827_08:32:18	yes	#刘翔回应安置二选一#	刘翔回应安置二选一			no
#樊振东给自己抓了新发型#	20260827	20260827_08:32:18	yes	#樊振东给自己抓了新发型#	樊振东给自己抓了新发型	新		no
#郭晓婷早春晴朗出场镜头#	20260827	20260827_08:32:18	yes	#郭晓婷早春晴朗出场镜头#	郭晓婷早春晴朗出场镜头	新	剧集	no
#九寨沟否认为录制现在就出发4清场#	20260827	20260827_08:32:18	yes	#九寨沟否认为录制现在就出发4清场#	九寨沟否认为录制现在就出发4清场	新	综艺	no
#库明加2年1300万签约森林狼#	20260827	20260827_08:42:10	yes	#库明加2年1300万签约森林狼#	库明加2年1300万签约森林狼	新		no
#罗永浩和车评人杠上了#	20260827	20260827_08:42:10	no	罗永浩和车评人杠上了	罗永浩和车评人杠上了	新		no
#郑钦文晋级美网资格赛决胜轮#	20260827	20260827_08:42:10	yes	#郑钦文晋级美网资格赛决胜轮#	郑钦文晋级美网资格赛决胜轮	新		no
#西藏泥石流致5个基站退服#	20260827	20260827_08:42:10	yes	#西藏泥石流致5个基站退服#	西藏泥石流致5个基站退服	新		no
#尼泊尔山洪已致157死#	20260827	20260827_08:52:19	yes	#尼泊尔山洪已致157死#	尼泊尔山洪已致157死			no
#上海体育局 刘翔#	20260827	20260827_08:52:19	no	上海体育局 刘翔	上海体育局 刘翔	新		no
#库明加加盟森林狼#	20260827	20260827_08:52:19	yes	#库明加加盟森林狼#	库明加加盟森林狼	新		no
#吉隆口岸导游称听到轰隆声以为雪崩#	20260827	20260827_08:52:19	yes	#吉隆口岸导游称听到轰隆声以为雪崩#	吉隆口岸导游称听到轰隆声以为雪崩	新		no
#成毅练习前还和助理互相握手打气#	20260827	20260827_08:52:19	yes	#成毅练习前还和助理互相握手打气#	成毅练习前还和助理互相握手打气	新		no
#侯卓成杨汝晴推迟订婚了#	20260827	20260827_09:02:35	yes	#侯卓成杨汝晴推迟订婚了#	侯卓成杨汝晴推迟订婚了	热	综艺	no
#盘点刘翔商业版图#	20260827	20260827_09:02:35	yes	#盘点刘翔商业版图#	盘点刘翔商业版图	新		no
#办事大厅凭啥不让群众带手机#	20260827	20260827_09:02:35	yes	#办事大厅凭啥不让群众带手机#	办事大厅凭啥不让群众带手机	新		no
#朱志鑫检查作业#	20260827	20260827_09:02:35	yes	#朱志鑫检查作业#	朱志鑫检查作业	新		no
#店主帮扶老人被索赔1.9万元新进展#	20260827	20260827_09:12:18	yes	#店主帮扶老人被索赔1.9万元新进展#	店主帮扶老人被索赔1.9万元新进展			no
#英伟达财报#	20260827	20260827_09:12:18	no	英伟达财报	英伟达财报			no
#王安宇把沈腾编辑进小图#	20260827	20260827_09:12:18	yes	#王安宇把沈腾编辑进小图#	王安宇把沈腾编辑进小图			no
#苹果发布会定档#	20260827	20260827_09:12:18	no	苹果发布会定档	苹果发布会定档	热		no
#包贝尔 包文婧#	20260827	20260827_09:12:18	no	包贝尔 包文婧	包贝尔 包文婧	新		no
#夫妻退房抱走酒店被子被当场拦下#	20260827	20260827_09:12:18	yes	#夫妻退房抱走酒店被子被当场拦下#	夫妻退房抱走酒店被子被当场拦下	新		no
#小米投入1000万驰援西藏吉隆#	20260827	20260827_09:12:18	yes	#小米投入1000万驰援西藏吉隆#	小米投入1000万驰援西藏吉隆	新		no
#樊振东vs伯特兰#	20260827	20260827_09:12:18	no	樊振东vs伯特兰	樊振东vs伯特兰			no
#比尔盖茨发12页长文警告AI风险#	20260827	20260827_09:22:17	yes	#比尔盖茨发12页长文警告AI风险#	比尔盖茨发12页长文警告AI风险			no
#苹果发布会定档#	20260827	20260827_09:22:17	no	苹果发布会定档	苹果发布会定档			no
#周杰伦拒绝打球签名拍照#	20260827	20260827_09:22:17	yes	#周杰伦拒绝打球签名拍照#	周杰伦拒绝打球签名拍照	新		no
#机器人立定跳远名场面#	20260827	20260827_09:22:17	yes	#机器人立定跳远名场面#	机器人立定跳远名场面	新		no
#老人家属已退还店主被索赔1.9万元#	20260827	20260827_09:22:17	yes	#老人家属已退还店主被索赔1.9万元#	老人家属已退还店主被索赔1.9万元			no
#姆巴佩帽子戏法#	20260827	20260827_09:22:17	no	姆巴佩帽子戏法	姆巴佩帽子戏法			no
#刘翔说没有第三条路给我选#	20260827	20260827_09:22:17	yes	#刘翔说没有第三条路给我选#	刘翔说没有第三条路给我选	新		no
#沈腾范丞丞合照帅成AI了#	20260827	20260827_09:32:20	yes	#沈腾范丞丞合照帅成AI了#	沈腾范丞丞合照帅成AI了		综艺	no
#广州全市排查大白菜#	20260827	20260827_09:32:20	yes	#广州全市排查大白菜#	广州全市排查大白菜	新		no
#老人家属否认曾说把遗体放门口#	20260827	20260827_09:32:20	yes	#老人家属否认曾说把遗体放门口#	老人家属否认曾说把遗体放门口	新		no
#去世老人几乎每天都来涉事牌馆#	20260827	20260827_09:32:20	yes	#去世老人几乎每天都来涉事牌馆#	去世老人几乎每天都来涉事牌馆	新		no
#苹果首款折叠屏手机将亮相#	20260827	20260827_09:32:20	yes	#苹果首款折叠屏手机将亮相#	苹果首款折叠屏手机将亮相	新		no
#九门庆功宴#	20260827	20260827_09:32:20	yes	#九门庆功宴#	九门庆功宴	新	剧集	no
#济州岛#	20260827	20260827_09:42:17	no	济州岛	济州岛			no
#赵心童希望易烊千玺饰演自己#	20260827	20260827_09:42:17	yes	#赵心童希望易烊千玺饰演自己#	赵心童希望易烊千玺饰演自己	新		no
#刘翔上海体育局职务#	20260827	20260827_09:42:17	yes	#刘翔上海体育局职务#	刘翔上海体育局职务			no
#这不是寻梦环游记是贵州的中元节#	20260827	20260827_09:42:17	yes	#这不是寻梦环游记是贵州的中元节#	这不是寻梦环游记是贵州的中元节	新		no
#奥利刚打的炫耀一下#	20260827	20260827_09:42:17	yes	#奥利刚打的炫耀一下#	奥利刚打的炫耀一下			no
#张慧雯宣传娜扎醒来#	20260827	20260827_09:42:17	yes	#张慧雯宣传娜扎醒来#	张慧雯宣传娜扎醒来	新	剧集	no
#吴青峰长文#	20260827	20260827_09:52:12	yes	#吴青峰长文#	吴青峰长文	新		no
#西部战区指导组赶赴西藏#	20260827	20260827_09:52:12	yes	#西部战区指导组赶赴西藏#	西部战区指导组赶赴西藏	新		no
#西藏吉隆口岸方向发现堰塞湖#	20260827	20260827_10:02:32	yes	#西藏吉隆口岸方向发现堰塞湖#	西藏吉隆口岸方向发现堰塞湖			no
#央视网评批量劝退应届生事件#	20260827	20260827_10:02:32	yes	#央视网评批量劝退应届生事件#	央视网评批量劝退应届生事件	新		no
#尼泊尔泥石流#	20260827	20260827_10:02:32	no	尼泊尔泥石流	尼泊尔泥石流			no
#何炅自曝断交的人不超过4个#	20260827	20260827_10:02:32	yes	#何炅自曝断交的人不超过4个#	何炅自曝断交的人不超过4个	新		no
#九寨沟否认为录制现在就出发4清场#	20260827	20260827_10:02:32	yes	#九寨沟否认为录制现在就出发4清场#	九寨沟否认为录制现在就出发4清场		综艺	no
#郭晓婷早春晴朗出场镜头#	20260827	20260827_10:02:32	yes	#郭晓婷早春晴朗出场镜头#	郭晓婷早春晴朗出场镜头		剧集	no
#醒来#	20260827	20260827_10:02:32	no	醒来	醒来	新	剧集	no
#郑钦文晋级美网资格赛决胜轮#	20260827	20260827_10:02:32	yes	#郑钦文晋级美网资格赛决胜轮#	郑钦文晋级美网资格赛决胜轮			no
#Viper经纪公司疑似起诉炫神#	20260827	20260827_10:02:32	yes	#Viper经纪公司疑似起诉炫神#	Viper经纪公司疑似起诉炫神	新		no
#罗永浩和车评人杠上了#	20260827	20260827_10:12:16	no	罗永浩和车评人杠上了	罗永浩和车评人杠上了			no
#伊朗与阿曼就霍尔木兹收益达成协议#	20260827	20260827_10:12:16	yes	#伊朗与阿曼就霍尔木兹收益达成协议#	伊朗与阿曼就霍尔木兹收益达成协议	新		no
#刘翔110米栏奥运纪录仍无人打破#	20260827	20260827_10:12:16	yes	#刘翔110米栏奥运纪录仍无人打破#	刘翔110米栏奥运纪录仍无人打破	新		no
#苹果新CEO首场发布会#	20260827	20260827_10:12:16	yes	#苹果新CEO首场发布会#	苹果新CEO首场发布会	新		no
#张智霖回应儿子担任演唱会吉他手#	20260827	20260827_10:12:16	yes	#张智霖回应儿子担任演唱会吉他手#	张智霖回应儿子担任演唱会吉他手	新	演出	no
#男子造谣分析师接8亿罚单被行拘#	20260827	20260827_10:22:16	yes		男子造谣分析师接8亿罚单被行拘	辟谣		yes
#星宇股份就批量劝退应届生致歉#	20260827	20260827_10:22:16	yes	#星宇股份就批量劝退应届生致歉#	星宇股份就批量劝退应届生致歉	新		no
#星宇股份给被劝退同学发3个月补贴#	20260827	20260827_10:22:16	yes	#星宇股份给被劝退同学发3个月补贴#	星宇股份给被劝退同学发3个月补贴	新		no
#张予曦工作室来高人了#	20260827	20260827_10:22:16	yes	#张予曦工作室来高人了#	张予曦工作室来高人了	新		no
#炫神深夜调侃TheShy#	20260827	20260827_10:22:16	yes	#炫神深夜调侃TheShy#	炫神深夜调侃TheShy	新		no
#草间弥生去世#	20260827	20260827_10:32:21	yes	#草间弥生去世#	草间弥生去世	新		no
#西藏泥石流遇难3人失联558人#	20260827	20260827_10:32:21	yes	#西藏泥石流遇难3人失联558人#	西藏泥石流遇难3人失联558人	新		no
#专家称尼泊尔山洪发生速度太快#	20260827	20260827_10:32:21	yes	#专家称尼泊尔山洪发生速度太快#	专家称尼泊尔山洪发生速度太快	新		no
#西藏吉隆泥石流成功救出2人#	20260827	20260827_10:32:21	yes	#西藏吉隆泥石流成功救出2人#	西藏吉隆泥石流成功救出2人	新		no
#办事大厅凭啥不让群众带手机#	20260827	20260827_10:32:21	yes	#办事大厅凭啥不让群众带手机#	办事大厅凭啥不让群众带手机			no
#包贝尔 包文婧#	20260827	20260827_10:42:21	no	包贝尔 包文婧	包贝尔 包文婧	热		no
#侯卓成杨汝晴推迟订婚了#	20260827	20260827_10:42:21	yes	#侯卓成杨汝晴推迟订婚了#	侯卓成杨汝晴推迟订婚了		综艺	no
#夫妻退房抱走酒店被子被当场拦下#	20260827	20260827_10:42:21	yes	#夫妻退房抱走酒店被子被当场拦下#	夫妻退房抱走酒店被子被当场拦下			no
#江西整治农村高额彩礼#	20260827	20260827_10:42:21	yes	#江西整治农村高额彩礼#	江西整治农村高额彩礼	新		no
#西藏泥石流265人失联3人遇难#	20260827	20260827_10:42:21	yes	#西藏泥石流265人失联3人遇难#	西藏泥石流265人失联3人遇难			no
#江西银行已报案#	20260827	20260827_10:42:21	yes	#江西银行已报案#	江西银行已报案	新		no
#穆里尼奥 伯纳乌首秀#	20260827	20260827_10:42:21	no	穆里尼奥 伯纳乌首秀	穆里尼奥 伯纳乌首秀	新		no
#西藏泥石流遇难3人失联558人#	20260827	20260827_10:52:24	yes	#西藏泥石流遇难3人失联558人#	西藏泥石流遇难3人失联558人	爆		no
#西部战区空军投入西藏吉隆泥石流救援#	20260827	20260827_10:52:24	yes	#西部战区空军投入西藏吉隆泥石流救援#	西部战区空军投入西藏吉隆泥石流救援	新		no
#刘翔说没有第三条路给我选#	20260827	20260827_10:52:24	yes	#刘翔说没有第三条路给我选#	刘翔说没有第三条路给我选			no
#周杰伦拒绝打球签名拍照#	20260827	20260827_10:52:24	yes	#周杰伦拒绝打球签名拍照#	周杰伦拒绝打球签名拍照			no
#国际奥委会回顾刘翔夺冠瞬间#	20260827	20260827_10:52:24	yes	#国际奥委会回顾刘翔夺冠瞬间#	国际奥委会回顾刘翔夺冠瞬间	新		no
#聊斋#	20260827	20260827_10:52:24	no	聊斋	聊斋	新	剧集	no
#机器人立定跳远名场面#	20260827	20260827_10:52:24	yes	#机器人立定跳远名场面#	机器人立定跳远名场面			no
#调派中国救援队增援吉隆泥石流救援#	20260827	20260827_11:02:28	yes	#调派中国救援队增援吉隆泥石流救援#	调派中国救援队增援吉隆泥石流救援	新		no
#去世老人几乎每天都来涉事牌馆#	20260827	20260827_11:02:28	yes	#去世老人几乎每天都来涉事牌馆#	去世老人几乎每天都来涉事牌馆	热		no
#苹果首款折叠屏手机将亮相#	20260827	20260827_11:02:28	yes	#苹果首款折叠屏手机将亮相#	苹果首款折叠屏手机将亮相			no
#尼泊尔泥石流#	20260827	20260827_11:02:28	no	尼泊尔泥石流	尼泊尔泥石流	沸		no
#中国大爷击败日本选手刷新亚洲纪录#	20260827	20260827_11:02:28	yes	#中国大爷击败日本选手刷新亚洲纪录#	中国大爷击败日本选手刷新亚洲纪录	新		no
#早春晴朗原著#	20260827	20260827_11:02:28	no	早春晴朗原著	早春晴朗原著	新	剧集	no
#尼泊尔山洪村民靠喝洪水等救援#	20260827	20260827_11:02:28	yes	#尼泊尔山洪村民靠喝洪水等救援#	尼泊尔山洪村民靠喝洪水等救援	新		no
#空枪 低成本#	20260827	20260827_11:02:28	no	空枪 低成本	空枪 低成本	新	电影	no
#苹果发布会邀请函或暗示新配色#	20260827	20260827_11:02:28	yes	#苹果发布会邀请函或暗示新配色#	苹果发布会邀请函或暗示新配色	新		no
#苏新皓这组图封神了#	20260827	20260827_11:12:18	no	苏新皓这组图封神了	苏新皓这组图封神了	新		no
#包贝尔包文婧上周五吃烧烤被偶遇#	20260827	20260827_11:12:18	yes	#包贝尔包文婧上周五吃烧烤被偶遇#	包贝尔包文婧上周五吃烧烤被偶遇	新		no
#红衣女骑杜卡迪时速飙至220公里#	20260827	20260827_11:12:18	yes	#红衣女骑杜卡迪时速飙至220公里#	红衣女骑杜卡迪时速飙至220公里	新		no
#店内离世老人儿子称深感抱歉#	20260827	20260827_11:12:18	yes	#店内离世老人儿子称深感抱歉#	店内离世老人儿子称深感抱歉	新		no
#官方确认扶老人店主行为善意正当#	20260827	20260827_11:12:18	yes	#官方确认扶老人店主行为善意正当#	官方确认扶老人店主行为善意正当	新		no
#尼泊尔山洪484名游客失联#	20260827	20260827_11:12:18	yes	#尼泊尔山洪484名游客失联#	尼泊尔山洪484名游客失联	新		no
#知情人回应徐杰去世#	20260827	20260827_11:12:18	yes	#知情人回应徐杰去世#	知情人回应徐杰去世	新		no
#吴青峰长文#	20260827	20260827_11:22:11	yes	#吴青峰长文#	吴青峰长文			no
#包贝尔 包文婧#	20260827	20260827_11:22:11	no	包贝尔 包文婧	包贝尔 包文婧			no
#浙江一学校收集家长工作职务信息#	20260827	20260827_11:22:11	yes	#浙江一学校收集家长工作职务信息#	浙江一学校收集家长工作职务信息	新		no
#离世老人儿子称认可店主无需赔偿#	20260827	20260827_11:22:11	yes	#离世老人儿子称认可店主无需赔偿#	离世老人儿子称认可店主无需赔偿	新		no
#九门庆功宴#	20260827	20260827_11:22:11	yes	#九门庆功宴#	九门庆功宴		剧集	no
#去世老人生前几乎每天都来涉事牌馆#	20260827	20260827_11:31:59	no	去世老人生前几乎每天都来涉事牌馆	去世老人生前几乎每天都来涉事牌馆			no
#何炅自曝断交的人不超过4个#	20260827	20260827_11:31:59	yes	#何炅自曝断交的人不超过4个#	何炅自曝断交的人不超过4个	热		no
#妻子的浪漫旅行第二季四对离了两对#	20260827	20260827_11:31:59	yes	#妻子的浪漫旅行第二季四对离了两对#	妻子的浪漫旅行第二季四对离了两对	新		no
#李昀锐工作室女孩剪辑百万点赞#	20260827	20260827_11:31:59	yes	#李昀锐工作室女孩剪辑百万点赞#	李昀锐工作室女孩剪辑百万点赞	新		no
#羞辱式劝退应届生公司已减员2900人#	20260827	20260827_11:31:59	yes	#羞辱式劝退应届生公司已减员2900人#	羞辱式劝退应届生公司已减员2900人	新		no
#科学家让死后大脑操控机械手弹琴#	20260827	20260827_11:31:59	yes	#科学家让死后大脑操控机械手弹琴#	科学家让死后大脑操控机械手弹琴	新		no
#AI短剧 抄袭#	20260827	20260827_11:42:22	no	AI短剧 抄袭	AI短剧 抄袭	新	剧集	no
#刘翔110米栏奥运纪录仍无人打破#	20260827	20260827_11:42:22	yes	#刘翔110米栏奥运纪录仍无人打破#	刘翔110米栏奥运纪录仍无人打破			no
#公安核实遭索赔店主全程积极施救#	20260827	20260827_11:42:22	yes	#公安核实遭索赔店主全程积极施救#	公安核实遭索赔店主全程积极施救	新		no
#我们的少年时代2观剧礼#	20260827	20260827_11:42:22	yes	#我们的少年时代2观剧礼#	我们的少年时代2观剧礼	新	剧集	no
#张智霖回应儿子担任演唱会吉他手#	20260827	20260827_11:42:22	yes	#张智霖回应儿子担任演唱会吉他手#	张智霖回应儿子担任演唱会吉他手		演出	no
#SM与TME成立新公司STE#	20260827	20260827_11:42:22	yes	#SM与TME成立新公司STE#	SM与TME成立新公司STE	新		no
#罗永浩拒绝首席老撕机示好#	20260827	20260827_11:51:52	yes	#罗永浩拒绝首席老撕机示好#	罗永浩拒绝首席老撕机示好	新		no
#中元节传统禁忌#	20260827	20260827_11:51:52	no	中元节传统禁忌	中元节传统禁忌	新		no
#星宇股份给被劝退同学发3个月补贴#	20260827	20260827_11:51:52	yes	#星宇股份给被劝退同学发3个月补贴#	星宇股份给被劝退同学发3个月补贴			no
#张予曦工作室来高人了#	20260827	20260827_11:51:52	yes	#张予曦工作室来高人了#	张予曦工作室来高人了			no
#仍无法联系到吉隆口岸一线救援人员#	20260827	20260827_11:51:52	yes	#仍无法联系到吉隆口岸一线救援人员#	仍无法联系到吉隆口岸一线救援人员	新		no
#AI的手欠程度不输人类#	20260827	20260827_11:51:52	no	AI的手欠程度不输人类	AI的手欠程度不输人类	新		no
#杀中国女生后嫌疑人抛尸250公里外#	20260827	20260827_11:51:52	yes	#杀中国女生后嫌疑人抛尸250公里外#	杀中国女生后嫌疑人抛尸250公里外	新		no
#陈星旭虞书欣登上稻草熊财报#	20260827	20260827_11:51:52	yes	#陈星旭虞书欣登上稻草熊财报#	陈星旭虞书欣登上稻草熊财报	新		no
#娜扎抬眸威压#	20260827	20260827_11:51:52	no	娜扎抬眸威压	娜扎抬眸威压	新	剧集	no
#宇树科技股价跌破600元#	20260827	20260827_11:51:52	yes	#宇树科技股价跌破600元#	宇树科技股价跌破600元	新		no
#草间弥生去世#	20260827	20260827_12:02:25	yes	#草间弥生去世#	草间弥生去世	热		no
#西藏吉隆泥石流成功救出2人#	20260827	20260827_12:02:25	yes	#西藏吉隆泥石流成功救出2人#	西藏吉隆泥石流成功救出2人			no
#台风#	20260827	20260827_12:02:25	no	台风	台风	新		no
#男子卖房让前同事操盘亏掉99.9%#	20260827	20260827_12:02:25	yes	#男子卖房让前同事操盘亏掉99.9%#	男子卖房让前同事操盘亏掉99.9%	新		no
#孙千偶像剧适配度#	20260827	20260827_12:02:25	no	孙千偶像剧适配度	孙千偶像剧适配度	新		no
#应届生身份正变成就业枷锁#	20260827	20260827_12:02:25	yes	#应届生身份正变成就业枷锁#	应届生身份正变成就业枷锁	新		no
#江歌妈妈长文回望十年怀念女儿#	20260827	20260827_12:02:25	yes	#江歌妈妈长文回望十年怀念女儿#	江歌妈妈长文回望十年怀念女儿	新		no
#牛津大学回应108万CEO班货不对板#	20260827	20260827_12:02:25	yes	#牛津大学回应108万CEO班货不对板#	牛津大学回应108万CEO班货不对板	新		no
#老人家属否认停尸闹事#	20260827	20260827_12:02:25	yes	#老人家属否认停尸闹事#	老人家属否认停尸闹事	新		no
#刘雅瑟 我心疼的是惠英红#	20260827	20260827_12:12:29	no	刘雅瑟 我心疼的是惠英红	刘雅瑟 我心疼的是惠英红	新	电影	no
#自梳女被父亲要求终身不嫁#	20260827	20260827_12:12:29	no	自梳女被父亲要求终身不嫁	自梳女被父亲要求终身不嫁	新		no
#一个爱挤痘痘的人天塌了#	20260827	20260827_12:12:29	no	一个爱挤痘痘的人天塌了	一个爱挤痘痘的人天塌了	新		no
#第一次见给AI画饼的#	20260827	20260827_12:12:29	no	第一次见给AI画饼的	第一次见给AI画饼的	新		no
#早春晴朗#	20260827	20260827_12:12:29	no	早春晴朗	早春晴朗	新	剧集	no
#杀害在韩女生嫌犯拟被精神检测#	20260827	20260827_12:22:19	yes	#杀害在韩女生嫌犯拟被精神检测#	杀害在韩女生嫌犯拟被精神检测	新		no
#杨幂董洁手牵手#	20260827	20260827_12:22:19	yes	#杨幂董洁手牵手#	杨幂董洁手牵手	新		no
#陈俊生罗子君在邱莹莹咖啡店离婚#	20260827	20260827_12:22:19	yes	#陈俊生罗子君在邱莹莹咖啡店离婚#	陈俊生罗子君在邱莹莹咖啡店离婚	新	剧集	no
#中元节晚上不能出门是误会#	20260827	20260827_12:22:19	yes	#中元节晚上不能出门是误会#	中元节晚上不能出门是误会	新		no
#韩拟对杀中国女生嫌疑人作精神鉴定#	20260827	20260827_12:22:19	yes	#韩拟对杀中国女生嫌疑人作精神鉴定#	韩拟对杀中国女生嫌疑人作精神鉴定	新		no
#罗永浩称扶老人遭索赔事件没什么反转#	20260827	20260827_12:22:19	yes	#罗永浩称扶老人遭索赔事件没什么反转#	罗永浩称扶老人遭索赔事件没什么反转	新		no
#尼泊尔山洪暴发前后卫星图对比#	20260827	20260827_12:22:19	yes	#尼泊尔山洪暴发前后卫星图对比#	尼泊尔山洪暴发前后卫星图对比	新		no
#调派中国救援队增援吉隆泥石流救援#	20260827	20260827_12:31:43	yes	#调派中国救援队增援吉隆泥石流救援#	调派中国救援队增援吉隆泥石流救援			no
#酒店280元房型国庆标价5850元#	20260827	20260827_12:31:43	yes	#酒店280元房型国庆标价5850元#	酒店280元房型国庆标价5850元	新		no
#空枪 低成本#	20260827	20260827_12:31:43	no	空枪 低成本	空枪 低成本		电影	no
#赵丽颖辛芷蕾影后受害者联盟#	20260827	20260827_12:31:43	yes	#赵丽颖辛芷蕾影后受害者联盟#	赵丽颖辛芷蕾影后受害者联盟	新	剧集	no
#中国大爷击败日本选手刷新亚洲纪录#	20260827	20260827_12:31:43	yes	#中国大爷击败日本选手刷新亚洲纪录#	中国大爷击败日本选手刷新亚洲纪录			no
#妻子的浪漫旅行第二季四对离了两对#	20260827	20260827_12:31:43	yes	#妻子的浪漫旅行第二季四对离了两对#	妻子的浪漫旅行第二季四对离了两对			no
#我们的少年时代2大结局#	20260827	20260827_12:31:43	no	我们的少年时代2大结局	我们的少年时代2大结局	新	剧集	no
#店内离世老人儿子称深感抱歉#	20260827	20260827_12:41:51	yes	#店内离世老人儿子称深感抱歉#	店内离世老人儿子称深感抱歉			no
#尼泊尔山洪484名游客失联#	20260827	20260827_12:41:51	yes	#尼泊尔山洪484名游客失联#	尼泊尔山洪484名游客失联			no
#包贝尔包文婧上周五吃烧烤被偶遇#	20260827	20260827_12:41:51	yes	#包贝尔包文婧上周五吃烧烤被偶遇#	包贝尔包文婧上周五吃烧烤被偶遇	热		no
#周觅SM腾讯合资公司CEO#	20260827	20260827_12:41:51	yes	#周觅SM腾讯合资公司CEO#	周觅SM腾讯合资公司CEO	新		no
#世界上最不公平的两件事太真实#	20260827	20260827_12:41:51	no	世界上最不公平的两件事太真实	世界上最不公平的两件事太真实	新		no
#嫌疑人称因结婚矛盾杀中国女学生#	20260827	20260827_12:41:51	no	嫌疑人称因结婚矛盾杀中国女学生	嫌疑人称因结婚矛盾杀中国女学生	新		no
#早春晴朗第5集19分32秒#	20260827	20260827_12:41:51	yes	#早春晴朗第5集19分32秒#	早春晴朗第5集19分32秒	新	剧集	no
#直击西藏吉隆泥石流救援一线#	20260827	20260827_12:41:51	yes	#直击西藏吉隆泥石流救援一线#	直击西藏吉隆泥石流救援一线	新		no
#胡锡进谈刘翔安置事件#	20260827	20260827_12:41:51	yes	#胡锡进谈刘翔安置事件#	胡锡进谈刘翔安置事件	新		no
#杭州女子称电梯内遭猥亵不实#	20260827	20260827_12:52:20	yes		杭州女子称电梯内遭猥亵不实	辟谣		yes
#她该有多遗憾啊#	20260827	20260827_12:52:20	yes	#她该有多遗憾啊#	她该有多遗憾啊	新		no
#朱一龙回应空枪有点穷#	20260827	20260827_12:52:20	no	朱一龙回应空枪有点穷	朱一龙回应空枪有点穷	新		no
#博主崩溃副业赚的钱却养活了股市#	20260827	20260827_12:52:20	yes	#博主崩溃副业赚的钱却养活了股市#	博主崩溃副业赚的钱却养活了股市	新		no
#章子怡 我只是增肥了#	20260827	20260827_12:52:20	no	章子怡 我只是增肥了	章子怡 我只是增肥了	新		no
#怀孕4个月vs产后17个月#	20260827	20260827_12:52:20	no	怀孕4个月vs产后17个月	怀孕4个月vs产后17个月	新		no
#西藏泥石流遇难3人失联558人#	20260827	20260827_13:02:33	yes	#西藏泥石流遇难3人失联558人#	西藏泥石流遇难3人失联558人	热		no
#首席老撕机道歉#	20260827	20260827_13:02:33	yes	#首席老撕机道歉#	首席老撕机道歉	新		no
#尼泊尔洪水19座桥梁被冲毁#	20260827	20260827_13:02:33	no	尼泊尔洪水19座桥梁被冲毁	尼泊尔洪水19座桥梁被冲毁	新		no
#中元节#	20260827	20260827_13:02:33	no	中元节	中元节	新		no
#羞辱式劝退应届生公司已减员2900人#	20260827	20260827_13:02:33	yes	#羞辱式劝退应届生公司已减员2900人#	羞辱式劝退应届生公司已减员2900人			no
#男子出轨同小区比妻子大10岁女邻居#	20260827	20260827_13:02:33	yes	#男子出轨同小区比妻子大10岁女邻居#	男子出轨同小区比妻子大10岁女邻居	新		no
#杜华女儿因过敏脸红#	20260827	20260827_13:02:33	yes	#杜华女儿因过敏脸红#	杜华女儿因过敏脸红	新		no
#西藏吉隆泥石流失联外籍人员260人#	20260827	20260827_13:02:33	yes	#西藏吉隆泥石流失联外籍人员260人#	西藏吉隆泥石流失联外籍人员260人	新		no
#伴侣一直挑小事其实是嫌弃你#	20260827	20260827_13:02:33	no	伴侣一直挑小事其实是嫌弃你	伴侣一直挑小事其实是嫌弃你	新		no
#AI短剧 抄袭#	20260827	20260827_13:12:18	no	AI短剧 抄袭	AI短剧 抄袭		剧集	no
#周觅的事业运#	20260827	20260827_13:12:18	yes	#周觅的事业运#	周觅的事业运	新		no
#三天的工作量被AI10分钟完成了#	20260827	20260827_13:12:18	no	三天的工作量被AI10分钟完成了	三天的工作量被AI10分钟完成了	新		no
#披荆斩棘#	20260827	20260827_13:12:18	no	披荆斩棘	披荆斩棘	新	综艺	no
#李昀锐工作室女孩剪辑百万点赞#	20260827	20260827_13:12:18	yes	#李昀锐工作室女孩剪辑百万点赞#	李昀锐工作室女孩剪辑百万点赞			no
#中元节传统禁忌#	20260827	20260827_13:22:25	no	中元节传统禁忌	中元节传统禁忌	热		no
#杀中国女生后嫌疑人抛尸250公里外#	20260827	20260827_13:22:25	yes	#杀中国女生后嫌疑人抛尸250公里外#	杀中国女生后嫌疑人抛尸250公里外			no
#星巴克让无宠者给带宠让座引争议#	20260827	20260827_13:22:25	yes	#星巴克让无宠者给带宠让座引争议#	星巴克让无宠者给带宠让座引争议	新		no
#我们的少年时代提名过金鹰奖#	20260827	20260827_13:22:25	yes	#我们的少年时代提名过金鹰奖#	我们的少年时代提名过金鹰奖	新	剧集	no
#浙江一小学入学要求填父亲学历工作#	20260827	20260827_13:22:25	yes	#浙江一小学入学要求填父亲学历工作#	浙江一小学入学要求填父亲学历工作	新		no
#江歌妈妈长文回望十年怀念女儿#	20260827	20260827_13:32:19	yes	#江歌妈妈长文回望十年怀念女儿#	江歌妈妈长文回望十年怀念女儿			no
#老人进店离世店家遭索赔事件细节#	20260827	20260827_13:32:19	yes	#老人进店离世店家遭索赔事件细节#	老人进店离世店家遭索赔事件细节	新		no
#刘雅瑟 我心疼的是惠英红#	20260827	20260827_13:32:19	no	刘雅瑟 我心疼的是惠英红	刘雅瑟 我心疼的是惠英红		电影	no
#台风#	20260827	20260827_13:32:19	no	台风	台风			no
#徐若晗的马甲线#	20260827	20260827_13:32:19	yes	#徐若晗的马甲线#	徐若晗的马甲线	新		no
#仍无法联系到吉隆口岸一线救援人员#	20260827	20260827_13:32:19	yes	#仍无法联系到吉隆口岸一线救援人员#	仍无法联系到吉隆口岸一线救援人员			no
#自梳女被父亲要求终身不嫁#	20260827	20260827_13:42:18	no	自梳女被父亲要求终身不嫁	自梳女被父亲要求终身不嫁	热		no
#一个爱挤痘痘的人天塌了#	20260827	20260827_13:42:18	no	一个爱挤痘痘的人天塌了	一个爱挤痘痘的人天塌了			no
#杀害中国女生嫌犯承认罪行#	20260827	20260827_13:42:18	yes	#杀害中国女生嫌犯承认罪行#	杀害中国女生嫌犯承认罪行	新		no
#早春晴朗#	20260827	20260827_13:42:18	no	早春晴朗	早春晴朗		剧集	no
#没领结婚证丈夫离世法院判赔40万#	20260827	20260827_13:42:18	no	没领结婚证丈夫离世法院判赔40万	没领结婚证丈夫离世法院判赔40万	新		no
#韩国检测中国白菜未检出甲醛#	20260827	20260827_13:42:18	no	韩国检测中国白菜未检出甲醛	韩国检测中国白菜未检出甲醛	新		no
#沙德尔 台风假#	20260827	20260827_13:42:18	no	沙德尔 台风假	沙德尔 台风假	新		no
#中元节晚上不能出门是误会#	20260827	20260827_13:52:20	yes	#中元节晚上不能出门是误会#	中元节晚上不能出门是误会			no
#尼泊尔山洪暴发前后卫星图对比#	20260827	20260827_13:52:20	yes	#尼泊尔山洪暴发前后卫星图对比#	尼泊尔山洪暴发前后卫星图对比			no
#中国救援队凌晨集结驰援西藏#	20260827	20260827_13:52:20	yes	#中国救援队凌晨集结驰援西藏#	中国救援队凌晨集结驰援西藏	新		no
#自梳女被父亲要求终身不嫁#	20260827	20260827_13:52:20	no	自梳女被父亲要求终身不嫁	自梳女被父亲要求终身不嫁			no
#娜扎内娱发腮受益者#	20260827	20260827_13:52:20	yes	#娜扎内娱发腮受益者#	娜扎内娱发腮受益者	新	剧集	no
#星宇股份#	20260827	20260827_13:52:20	no	星宇股份	星宇股份	新		no
#刘晓庆 为了惠英红我把事情都推了#	20260827	20260827_13:52:20	no	刘晓庆 为了惠英红我把事情都推了	刘晓庆 为了惠英红我把事情都推了	新	电影	no
#赵丽颖辛芷蕾影后受害者联盟#	20260827	20260827_14:02:26	yes	#赵丽颖辛芷蕾影后受害者联盟#	赵丽颖辛芷蕾影后受害者联盟		剧集	no
#草间弥生去世#	20260827	20260827_14:02:26	yes	#草间弥生去世#	草间弥生去世			no
#世界上最不公平的两件事太真实#	20260827	20260827_14:02:26	no	世界上最不公平的两件事太真实	世界上最不公平的两件事太真实			no
#我们的少年时代2大结局#	20260827	20260827_14:02:26	no	我们的少年时代2大结局	我们的少年时代2大结局		剧集	no
#焦虑的人都有一个共同特征#	20260827	20260827_14:02:26	no	焦虑的人都有一个共同特征	焦虑的人都有一个共同特征	新		no
#牌馆内离世老人邻居发声#	20260827	20260827_14:02:26	yes	#牌馆内离世老人邻居发声#	牌馆内离世老人邻居发声	新		no
#段奥娟瑞典夺冠VLOG#	20260827	20260827_14:02:26	no	段奥娟瑞典夺冠VLOG	段奥娟瑞典夺冠VLOG	新		no
#2026LCK最佳阵容#	20260827	20260827_14:02:26	yes	#2026LCK最佳阵容#	2026LCK最佳阵容	新		no
#周觅SM腾讯合资公司CEO#	20260827	20260827_14:11:51	yes	#周觅SM腾讯合资公司CEO#	周觅SM腾讯合资公司CEO			no
#朵雅酒店被亚朵起诉商标侵权#	20260827	20260827_14:11:51	yes	#朵雅酒店被亚朵起诉商标侵权#	朵雅酒店被亚朵起诉商标侵权	新		no
#主持人播报原台长被查#	20260827	20260827_14:11:51	no	主持人播报原台长被查	主持人播报原台长被查	新		no
#早春晴朗 姑娘别哭#	20260827	20260827_14:11:51	no	早春晴朗 姑娘别哭	早春晴朗 姑娘别哭	新	剧集	no
#内娱别再祸害武侠小说了#	20260827	20260827_14:11:51	yes	#内娱别再祸害武侠小说了#	内娱别再祸害武侠小说了	新	剧集	no
#苏新皓花车故障后神级临场反应#	20260827	20260827_14:11:51	no	苏新皓花车故障后神级临场反应	苏新皓花车故障后神级临场反应	新	演出	no
#宇树科技股价跌破600元#	20260827	20260827_14:11:51	yes	#宇树科技股价跌破600元#	宇树科技股价跌破600元			no
#京东PLUS会员第一批拿到苹果新品#	20260827	20260827_14:11:51	yes	#京东PLUS会员第一批拿到苹果新品#	京东PLUS会员第一批拿到苹果新品	新		no
#Faker无缘LCK最佳阵容#	20260827	20260827_14:11:51	yes	#Faker无缘LCK最佳阵容#	Faker无缘LCK最佳阵容	新		no
#车澈瘦成这样了#	20260827	20260827_14:22:13	yes	#车澈瘦成这样了#	车澈瘦成这样了	新		no
#怀孕4个月vs产后17个月#	20260827	20260827_14:22:13	no	怀孕4个月vs产后17个月	怀孕4个月vs产后17个月			no
#她该有多遗憾啊#	20260827	20260827_14:22:13	yes	#她该有多遗憾啊#	她该有多遗憾啊			no
#吉隆口岸带客导游称换行程救了命#	20260827	20260827_14:22:13	yes	#吉隆口岸带客导游称换行程救了命#	吉隆口岸带客导游称换行程救了命	新		no
#送别唐师曾的队伍一眼望不到头#	20260827	20260827_14:22:13	yes	#送别唐师曾的队伍一眼望不到头#	送别唐师曾的队伍一眼望不到头	新		no
#吉隆口岸随时可能二次塌方或滑坡#	20260827	20260827_14:22:13	yes	#吉隆口岸随时可能二次塌方或滑坡#	吉隆口岸随时可能二次塌方或滑坡	新		no
#十年间papi成了妈妈姜思达成了奶奶#	20260827	20260827_14:22:13	yes	#十年间papi成了妈妈姜思达成了奶奶#	十年间papi成了妈妈姜思达成了奶奶	新		no
#伴侣一直挑小事其实是嫌弃你#	20260827	20260827_14:32:02	no	伴侣一直挑小事其实是嫌弃你	伴侣一直挑小事其实是嫌弃你			no
#尼泊尔洪水19座桥梁被冲毁#	20260827	20260827_14:32:02	no	尼泊尔洪水19座桥梁被冲毁	尼泊尔洪水19座桥梁被冲毁			no
#处方药变抗衰针#	20260827	20260827_14:32:02	yes	#处方药变抗衰针#	处方药变抗衰针	新		no
#三天的工作量被AI10分钟完成了#	20260827	20260827_14:32:02	no	三天的工作量被AI10分钟完成了	三天的工作量被AI10分钟完成了			no
#男子出轨同小区比妻子大10岁女邻居#	20260827	20260827_14:32:02	yes	#男子出轨同小区比妻子大10岁女邻居#	男子出轨同小区比妻子大10岁女邻居			no
#中元节#	20260827	20260827_14:32:02	no	中元节	中元节			no
#王安宇这张原来是范丞丞拍的#	20260827	20260827_14:32:02	yes	#王安宇这张原来是范丞丞拍的#	王安宇这张原来是范丞丞拍的	新		no
#刘翔广告费 分成#	20260827	20260827_14:32:02	no	刘翔广告费 分成	刘翔广告费 分成	新		no
#首席老撕机道歉#	20260827	20260827_14:32:02	yes	#首席老撕机道歉#	首席老撕机道歉			no
#披荆斩棘#	20260827	20260827_14:42:13	no	披荆斩棘	披荆斩棘		综艺	no
#早春晴朗Luke原型找到了#	20260827	20260827_14:42:13	no	早春晴朗Luke原型找到了	早春晴朗Luke原型找到了	新	剧集	no
#尼泊尔山洪已致162死#	20260827	20260827_14:42:13	yes	#尼泊尔山洪已致162死#	尼泊尔山洪已致162死	新		no
#韩国涉案警察获释家属追打#	20260827	20260827_14:42:13	no	韩国涉案警察获释家属追打	韩国涉案警察获释家属追打	新		no
#韩方拟公开杀害中国女生嫌疑人身份#	20260827	20260827_14:52:16	yes	#韩方拟公开杀害中国女生嫌疑人身份#	韩方拟公开杀害中国女生嫌疑人身份	新		no
#刘翔安置是非原委有必要摆到台面上#	20260827	20260827_14:52:16	yes	#刘翔安置是非原委有必要摆到台面上#	刘翔安置是非原委有必要摆到台面上	新		no
#浙江一小学入学要求填父亲学历工作#	20260827	20260827_14:52:16	yes	#浙江一小学入学要求填父亲学历工作#	浙江一小学入学要求填父亲学历工作			no
#嫌疑人称和中国女生恋爱因冲动杀人#	20260827	20260827_14:52:16	yes	#嫌疑人称和中国女生恋爱因冲动杀人#	嫌疑人称和中国女生恋爱因冲动杀人	新		no
#居然有女明星的早餐是一桌子烧烤#	20260827	20260827_14:52:16	yes	#居然有女明星的早餐是一桌子烧烤#	居然有女明星的早餐是一桌子烧烤	新		no
#包贝尔包文婧上周五吃烧烤被偶遇#	20260827	20260827_15:02:32	yes	#包贝尔包文婧上周五吃烧烤被偶遇#	包贝尔包文婧上周五吃烧烤被偶遇			no
#星宇股份应届生向港交所举报#	20260827	20260827_15:02:32	no	星宇股份应届生向港交所举报	星宇股份应届生向港交所举报	新		no
#iG晋级季后赛仅差一个BO5#	20260827	20260827_15:02:32	yes	#iG晋级季后赛仅差一个BO5#	iG晋级季后赛仅差一个BO5	新		no
#25岁女孩婚检查出胃癌晚期#	20260827	20260827_15:02:32	yes	#25岁女孩婚检查出胃癌晚期#	25岁女孩婚检查出胃癌晚期	新		no
#老外说中国午休很爽#	20260827	20260827_15:02:32	no	老外说中国午休很爽	老外说中国午休很爽	新		no
#杀害中国女生嫌犯承认罪行#	20260827	20260827_15:12:38	yes	#杀害中国女生嫌犯承认罪行#	杀害中国女生嫌犯承认罪行			no
#工信部紧急组织西藏吉隆应急通信保障#	20260827	20260827_15:12:38	yes	#工信部紧急组织西藏吉隆应急通信保障#	工信部紧急组织西藏吉隆应急通信保障	新		no
#西藏泥石流遇难3人失联558人#	20260827	20260827_15:12:38	yes	#西藏泥石流遇难3人失联558人#	西藏泥石流遇难3人失联558人			no
#中国贸易朋友圈加速扩容#	20260827	20260827_15:12:38	yes	#中国贸易朋友圈加速扩容#	中国贸易朋友圈加速扩容	新		no
#韩国检测中国白菜未检出甲醛#	20260827	20260827_15:12:38	no	韩国检测中国白菜未检出甲醛	韩国检测中国白菜未检出甲醛			no
#吉隆口岸才恢复通关半年多#	20260827	20260827_15:12:38	yes	#吉隆口岸才恢复通关半年多#	吉隆口岸才恢复通关半年多	新		no
#主持人播报原台长被查#	20260827	20260827_15:12:38	no	主持人播报原台长被查	主持人播报原台长被查			no
#刘翔安置事件超7万人投买断离手#	20260827	20260827_15:12:38	yes	#刘翔安置事件超7万人投买断离手#	刘翔安置事件超7万人投买断离手	新		no
#papi给姜思达转账8888#	20260827	20260827_15:12:38	yes	#papi给姜思达转账8888#	papi给姜思达转账8888	新		no
#没领结婚证丈夫离世法院判赔40万#	20260827	20260827_15:12:38	no	没领结婚证丈夫离世法院判赔40万	没领结婚证丈夫离世法院判赔40万			no
#刘旸疯狂暗示朱志鑫#	20260827	20260827_15:12:38	yes	#刘旸疯狂暗示朱志鑫#	刘旸疯狂暗示朱志鑫	新	综艺	no
#娜扎内娱发腮受益者#	20260827	20260827_15:22:22	yes	#娜扎内娱发腮受益者#	娜扎内娱发腮受益者	热	剧集	no
#星宇股份#	20260827	20260827_15:22:22	no	星宇股份	星宇股份			no
#部分救援队员出现高原反应#	20260827	20260827_15:22:22	yes	#部分救援队员出现高原反应#	部分救援队员出现高原反应	新		no
#韩国官员鞠躬道歉#	20260827	20260827_15:22:22	yes	#韩国官员鞠躬道歉#	韩国官员鞠躬道歉	新		no
#销毁烟花致邻市570多户房屋受损#	20260827	20260827_15:22:22	yes	#销毁烟花致邻市570多户房屋受损#	销毁烟花致邻市570多户房屋受损	新		no
#刘晓庆 为了惠英红我把事情都推了#	20260827	20260827_15:22:22	no	刘晓庆 为了惠英红我把事情都推了	刘晓庆 为了惠英红我把事情都推了		电影	no
#焦虑的人都有一个共同特征#	20260827	20260827_15:22:22	no	焦虑的人都有一个共同特征	焦虑的人都有一个共同特征			no
#曝白鹿陈哲远演朝玉阶#	20260827	20260827_15:22:22	yes	#曝白鹿陈哲远演朝玉阶#	曝白鹿陈哲远演朝玉阶	新	剧集	no
#Zeus回应世一上#	20260827	20260827_15:22:22	yes	#Zeus回应世一上#	Zeus回应世一上	新		no
#女生在韩遇害嫌犯称因结婚争吵杀人#	20260827	20260827_15:32:07	yes	#女生在韩遇害嫌犯称因结婚争吵杀人#	女生在韩遇害嫌犯称因结婚争吵杀人	新		no
#包贝尔拉黑吃瓜的业内人士#	20260827	20260827_15:32:07	yes	#包贝尔拉黑吃瓜的业内人士#	包贝尔拉黑吃瓜的业内人士	新		no
#星宇股份遭投诉欧盟#	20260827	20260827_15:32:07	no	星宇股份遭投诉欧盟	星宇股份遭投诉欧盟	新		no
#段奥娟瑞典夺冠VLOG#	20260827	20260827_15:32:07	no	段奥娟瑞典夺冠VLOG	段奥娟瑞典夺冠VLOG			no
#毛石富分手疑似合约到期#	20260827	20260827_15:32:07	yes	#毛石富分手疑似合约到期#	毛石富分手疑似合约到期	新		no
#小鹏第二代VLA首次模型重大升级#	20260827	20260827_15:32:07	yes	#小鹏第二代VLA首次模型重大升级#	小鹏第二代VLA首次模型重大升级	新		no
#尼泊尔山洪165人死826人失踪#	20260827	20260827_15:42:20	yes	#尼泊尔山洪165人死826人失踪#	尼泊尔山洪165人死826人失踪	新		no
#田曦薇早上起床的素颜#	20260827	20260827_15:42:20	yes	#田曦薇早上起床的素颜#	田曦薇早上起床的素颜	新		no
#央视曝光AI相亲骗局#	20260827	20260827_15:42:20	yes	#央视曝光AI相亲骗局#	央视曝光AI相亲骗局	新		no
#刘翔得到过应有的保护吗#	20260827	20260827_15:42:20	yes	#刘翔得到过应有的保护吗#	刘翔得到过应有的保护吗	新		no
#又一个新台风要来了#	20260827	20260827_15:42:20	yes	#又一个新台风要来了#	又一个新台风要来了	新		no
#尼泊尔一侧失联中国公民近百人#	20260827	20260827_15:42:20	yes	#尼泊尔一侧失联中国公民近百人#	尼泊尔一侧失联中国公民近百人	新		no
#看见杨幂手背不笑的都是老绷家了#	20260827	20260827_15:42:20	no	看见杨幂手背不笑的都是老绷家了	看见杨幂手背不笑的都是老绷家了	新		no
#我将照抄孙千尚之桃职场穿搭#	20260827	20260827_15:42:20	yes	#我将照抄孙千尚之桃职场穿搭#	我将照抄孙千尚之桃职场穿搭	新	剧集	no
#一看到孩子就知道爸爸长啥样#	20260827	20260827_15:42:20	yes	#一看到孩子就知道爸爸长啥样#	一看到孩子就知道爸爸长啥样	新		no
#早春晴朗Luke原型找到了#	20260827	20260827_15:52:18	no	早春晴朗Luke原型找到了	早春晴朗Luke原型找到了		剧集	no
#车澈瘦成这样了#	20260827	20260827_15:52:18	yes	#车澈瘦成这样了#	车澈瘦成这样了	热		no
#韩法院签发杀害中国女生嫌犯拘捕令#	20260827	20260827_15:52:18	yes	#韩法院签发杀害中国女生嫌犯拘捕令#	韩法院签发杀害中国女生嫌犯拘捕令	新		no
#不要买会增加你工作量的东西#	20260827	20260827_15:52:18	no	不要买会增加你工作量的东西	不要买会增加你工作量的东西	新		no
#宜北篮球社解散#	20260827	20260827_15:52:18	yes	#宜北篮球社解散#	宜北篮球社解散	新	剧集	no
#KPL夏季赛线下氛围夯爆了#	20260827	20260827_16:09:55	yes		KPL夏季赛线下氛围夯爆了	商		yes
#何炅自曝断交的人不超过4个#	20260827	20260827_16:09:55	yes	#何炅自曝断交的人不超过4个#	何炅自曝断交的人不超过4个		综艺	no
#中元节传统禁忌#	20260827	20260827_16:09:55	no	中元节传统禁忌	中元节传统禁忌			no
#王安宇这张原来是范丞丞拍的#	20260827	20260827_16:09:55	yes	#王安宇这张原来是范丞丞拍的#	王安宇这张原来是范丞丞拍的			no
#肖战方律师告黑进展#	20260827	20260827_16:09:55	yes	#肖战方律师告黑进展#	肖战方律师告黑进展	新		no
#恒大清盘人索偿普华永道570亿#	20260827	20260827_16:09:55	yes	#恒大清盘人索偿普华永道570亿#	恒大清盘人索偿普华永道570亿	新		no
#早春晴朗把原设定改了#	20260827	20260827_16:09:55	yes	#早春晴朗把原设定改了#	早春晴朗把原设定改了	新	剧集	no
#李小冉让孙怡叫妈#	20260827	20260827_16:09:55	yes	#李小冉让孙怡叫妈#	李小冉让孙怡叫妈	新	综艺	no
#我不说谁知道这是电视啊#	20260827	20260827_16:09:55	no	我不说谁知道这是电视啊	我不说谁知道这是电视啊	新		no
#官方回应办事大厅9点空岗禁带手机#	20260827	20260827_16:09:55	yes	#官方回应办事大厅9点空岗禁带手机#	官方回应办事大厅9点空岗禁带手机	新		no
#杨超越素颜健身自拍#	20260827	20260827_16:09:55	yes	#杨超越素颜健身自拍#	杨超越素颜健身自拍	新		no
#杜华10岁女儿颜值#	20260827	20260827_16:09:55	yes	#杜华10岁女儿颜值#	杜华10岁女儿颜值	新		no
#在韩遇害女生将被尸检#	20260827	20260827_16:09:55	yes	#在韩遇害女生将被尸检#	在韩遇害女生将被尸检	新		no
#开学季数码抄作业#	20260827	20260827_16:12:36	yes		开学季数码抄作业	荐		yes
#江西省省长叶建春被查#	20260827	20260827_16:12:36	yes	#江西省省长叶建春被查#	江西省省长叶建春被查	新		no
#井柏然新剧醉酒吻孙千#	20260827	20260827_16:12:36	yes	#井柏然新剧醉酒吻孙千#	井柏然新剧醉酒吻孙千	新	剧集	no
#贵州2岁走失幼童遗体在河里被找到#	20260827	20260827_16:12:36	yes	#贵州2岁走失幼童遗体在河里被找到#	贵州2岁走失幼童遗体在河里被找到	新		no
#姆巴佩模仿C罗庆祝#	20260827	20260827_16:12:36	yes	#姆巴佩模仿C罗庆祝#	姆巴佩模仿C罗庆祝	新		no
#剑网3郭炜炜离职#	20260827	20260827_16:22:15	yes	#剑网3郭炜炜离职#	剑网3郭炜炜离职	新		no
#在韩遇害女留学生部分遗体仍在搜寻#	20260827	20260827_16:22:15	yes	#在韩遇害女留学生部分遗体仍在搜寻#	在韩遇害女留学生部分遗体仍在搜寻	新		no
#樊振东谈上综艺初衷#	20260827	20260827_16:22:15	yes	#樊振东谈上综艺初衷#	樊振东谈上综艺初衷	新		no
#我家那闺女#	20260827	20260827_16:22:15	no	我家那闺女	我家那闺女	新	综艺	no
#西藏吉隆泥石流#	20260827	20260827_16:32:24	yes	#西藏吉隆泥石流#	西藏吉隆泥石流	新		no
#古茗时代少年团排面#	20260827	20260827_16:32:24	yes	#古茗时代少年团排面#	古茗时代少年团排面	新		no
#25岁女孩婚检查出胃癌晚期#	20260827	20260827_16:32:24	yes	#25岁女孩婚检查出胃癌晚期#	25岁女孩婚检查出胃癌晚期			no
#驰援西藏救援队每人背包40斤重#	20260827	20260827_16:32:24	yes	#驰援西藏救援队每人背包40斤重#	驰援西藏救援队每人背包40斤重	新		no
#中国女生尸体被弃垃圾焚烧厂或被毁#	20260827	20260827_16:32:24	yes	#中国女生尸体被弃垃圾焚烧厂或被毁#	中国女生尸体被弃垃圾焚烧厂或被毁	新		no
#画壁电视是智商税吗#	20260827	20260827_16:32:24	yes	#画壁电视是智商税吗#	画壁电视是智商税吗	新		no
#李乃文的外卖差点被加料#	20260827	20260827_16:32:24	yes	#李乃文的外卖差点被加料#	李乃文的外卖差点被加料	新	综艺	no
#如何让老板知道你干了很多工作#	20260827	20260827_16:32:24	no	如何让老板知道你干了很多工作	如何让老板知道你干了很多工作	新		no
#工信部紧急组织西藏吉隆应急通信保障#	20260827	20260827_16:41:58	yes	#工信部紧急组织西藏吉隆应急通信保障#	工信部紧急组织西藏吉隆应急通信保障			no
#papi给姜思达转账8888#	20260827	20260827_16:41:58	yes	#papi给姜思达转账8888#	papi给姜思达转账8888			no
#叶建春涉嫌严重违纪违法#	20260827	20260827_16:41:58	yes	#叶建春涉嫌严重违纪违法#	叶建春涉嫌严重违纪违法	新		no
#强奸改判无罪案疑涉敲诈勒索#	20260827	20260827_16:41:58	no	强奸改判无罪案疑涉敲诈勒索	强奸改判无罪案疑涉敲诈勒索	新		no
#王楚钦孙颖莎出战中国大满贯混双#	20260827	20260827_16:52:27	yes	#王楚钦孙颖莎出战中国大满贯混双#	王楚钦孙颖莎出战中国大满贯混双	新		no
#雷军感谢剑网3制作人郭炜炜#	20260827	20260827_16:52:27	yes	#雷军感谢剑网3制作人郭炜炜#	雷军感谢剑网3制作人郭炜炜	新		no
#西藏泥石流现场目击者发声#	20260827	20260827_16:52:27	yes	#西藏泥石流现场目击者发声#	西藏泥石流现场目击者发声	新		no
#吉隆当地人不建议大家自行前往灾区#	20260827	20260827_16:52:27	yes	#吉隆当地人不建议大家自行前往灾区#	吉隆当地人不建议大家自行前往灾区	新		no
#骗子精准利用女性安全感需求#	20260827	20260827_16:52:27	yes	#骗子精准利用女性安全感需求#	骗子精准利用女性安全感需求	新		no
#杀在韩女生嫌犯曾威胁多名学生延毕#	20260827	20260827_16:52:27	yes	#杀在韩女生嫌犯曾威胁多名学生延毕#	杀在韩女生嫌犯曾威胁多名学生延毕	新		no
#曝白鹿陈哲远演朝玉阶#	20260827	20260827_16:52:27	yes	#曝白鹿陈哲远演朝玉阶#	曝白鹿陈哲远演朝玉阶		剧集	no
#李强抵达吉隆指导抢险救灾#	20260827	20260827_16:52:27	yes	#李强抵达吉隆指导抢险救灾#	李强抵达吉隆指导抢险救灾	新		no
#西藏泥石流涉外国人员有游客香客#	20260827	20260827_16:52:27	yes	#西藏泥石流涉外国人员有游客香客#	西藏泥石流涉外国人员有游客香客	新		no
#峰哥说带着刘翔跑半马#	20260827	20260827_16:52:27	yes	#峰哥说带着刘翔跑半马#	峰哥说带着刘翔跑半马	新		no
#田曦薇早上起床的素颜#	20260827	20260827_17:02:48	yes	#田曦薇早上起床的素颜#	田曦薇早上起床的素颜	热		no
#看见杨幂手背不笑的都是老绷家了#	20260827	20260827_17:02:48	no	看见杨幂手背不笑的都是老绷家了	看见杨幂手背不笑的都是老绷家了			no
#包贝尔拉黑吃瓜的业内人士#	20260827	20260827_17:02:48	yes	#包贝尔拉黑吃瓜的业内人士#	包贝尔拉黑吃瓜的业内人士	热		no
#菜市场有人倒地无人敢扶#	20260827	20260827_17:02:48	no	菜市场有人倒地无人敢扶	菜市场有人倒地无人敢扶	新		no
#警方称杀害中国女生嫌犯手段残忍#	20260827	20260827_17:02:48	yes	#警方称杀害中国女生嫌犯手段残忍#	警方称杀害中国女生嫌犯手段残忍	新		no
#游客说吉隆口岸曾经热闹繁忙#	20260827	20260827_17:02:48	yes	#游客说吉隆口岸曾经热闹繁忙#	游客说吉隆口岸曾经热闹繁忙	新		no
#披哥涨粉排行榜#	20260827	20260827_17:02:48	yes	#披哥涨粉排行榜#	披哥涨粉排行榜	新	综艺	no
#中国贸易朋友圈加速扩容#	20260827	20260827_17:12:00	yes	#中国贸易朋友圈加速扩容#	中国贸易朋友圈加速扩容			no
#不要买会增加你工作量的东西#	20260827	20260827_17:12:00	no	不要买会增加你工作量的东西	不要买会增加你工作量的东西			no
#尼泊尔一侧失联中国公民近百人#	20260827	20260827_17:12:00	yes	#尼泊尔一侧失联中国公民近百人#	尼泊尔一侧失联中国公民近百人			no
#尼泊尔冰川融化速度比此前10年快65%#	20260827	20260827_17:12:00	yes	#尼泊尔冰川融化速度比此前10年快65%#	尼泊尔冰川融化速度比此前10年快65%	新		no
#尼泊尔山洪165人死826人失踪#	20260827	20260827_17:12:00	yes	#尼泊尔山洪165人死826人失踪#	尼泊尔山洪165人死826人失踪			no
#工作人员称市民带手机断章取义瞎拍#	20260827	20260827_17:12:00	yes	#工作人员称市民带手机断章取义瞎拍#	工作人员称市民带手机断章取义瞎拍	新		no
#杀害中国女生嫌犯抛尸画面曝光#	20260827	20260827_17:12:00	yes	#杀害中国女生嫌犯抛尸画面曝光#	杀害中国女生嫌犯抛尸画面曝光	新		no
#上海体育局被网友质问#	20260827	20260827_17:12:00	yes	#上海体育局被网友质问#	上海体育局被网友质问	新		no
#酒馆反向劝烟推8888元一人畅吸服务#	20260827	20260827_17:12:00	yes	#酒馆反向劝烟推8888元一人畅吸服务#	酒馆反向劝烟推8888元一人畅吸服务	新		no
#西藏泥石流速度达每秒近50米#	20260827	20260827_17:12:00	yes	#西藏泥石流速度达每秒近50米#	西藏泥石流速度达每秒近50米	新		no
#包贝尔拉黑吃瓜的业内人士#	20260827	20260827_17:12:00	yes	#包贝尔拉黑吃瓜的业内人士#	包贝尔拉黑吃瓜的业内人士			no
#尼泊尔男子目睹妻子被山洪泥水卷走#	20260827	20260827_17:12:00	yes	#尼泊尔男子目睹妻子被山洪泥水卷走#	尼泊尔男子目睹妻子被山洪泥水卷走	新		no
#智元获机器人运动会金牌榜第一#	20260827	20260827_17:22:19	yes	#智元获机器人运动会金牌榜第一#	智元获机器人运动会金牌榜第一	新		no
#实拍拼多多销量第一的粉饼工厂#	20260827	20260827_17:22:19	yes	#实拍拼多多销量第一的粉饼工厂#	实拍拼多多销量第一的粉饼工厂	新		no
#尼泊尔泥石流工人逃生镜头#	20260827	20260827_17:22:19	no	尼泊尔泥石流工人逃生镜头	尼泊尔泥石流工人逃生镜头	新		no
#原来还有黑色的空调外机#	20260827	20260827_17:22:19	no	原来还有黑色的空调外机	原来还有黑色的空调外机	新		no
#飞猪帮帮助力75岁外婆勇闯新疆#	20260827	20260827_17:22:19	yes	#飞猪帮帮助力75岁外婆勇闯新疆#	飞猪帮帮助力75岁外婆勇闯新疆	新		no
#46岁的董洁像吃防腐剂了#	20260827	20260827_17:22:19	yes	#46岁的董洁像吃防腐剂了#	46岁的董洁像吃防腐剂了	新		no
#欢子委托offer5律所起诉#	20260827	20260827_17:22:19	yes	#欢子委托offer5律所起诉#	欢子委托offer5律所起诉	新		no
#要是看到花少2母带不算白活#	20260827	20260827_17:22:19	no	要是看到花少2母带不算白活	要是看到花少2母带不算白活	新	综艺	no
#尼泊尔山洪死亡已达270人#	20260827	20260827_17:32:25	yes	#尼泊尔山洪死亡已达270人#	尼泊尔山洪死亡已达270人	新		no
#网友吐槽清华美院教授画的清洁工#	20260827	20260827_17:32:25	no	网友吐槽清华美院教授画的清洁工	网友吐槽清华美院教授画的清洁工	新		no
#首批应急力量抵达吉隆口岸开展救援#	20260827	20260827_17:32:25	yes	#首批应急力量抵达吉隆口岸开展救援#	首批应急力量抵达吉隆口岸开展救援	新		no
#爸爸吊着女儿从桥下救狗狗的视频火了#	20260827	20260827_17:32:25	no	爸爸吊着女儿从桥下救狗狗的视频火了	爸爸吊着女儿从桥下救狗狗的视频火了	新		no
#AI韩剧版薛甄珠找凌玲#	20260827	20260827_17:32:25	yes	#AI韩剧版薛甄珠找凌玲#	AI韩剧版薛甄珠找凌玲	新		no
#刘冲回应是早春晴朗luke原型#	20260827	20260827_17:32:25	yes	#刘冲回应是早春晴朗luke原型#	刘冲回应是早春晴朗luke原型	新		no
#江西省省长叶建春被查#	20260827	20260827_17:42:18	yes	#江西省省长叶建春被查#	江西省省长叶建春被查			no
#田曦薇早上起床的素颜#	20260827	20260827_17:42:18	yes	#田曦薇早上起床的素颜#	田曦薇早上起床的素颜			no
#杨幂贴了烈焰红唇贴纸#	20260827	20260827_17:42:18	yes	#杨幂贴了烈焰红唇贴纸#	杨幂贴了烈焰红唇贴纸	新		no
#杨超越素颜健身自拍#	20260827	20260827_17:42:18	yes	#杨超越素颜健身自拍#	杨超越素颜健身自拍			no
#小孩摔倒外婆抓咬工作人员被行拘#	20260827	20260827_17:42:18	yes	#小孩摔倒外婆抓咬工作人员被行拘#	小孩摔倒外婆抓咬工作人员被行拘	新		no
#剑网3郭炜炜离职#	20260827	20260827_17:52:20	yes	#剑网3郭炜炜离职#	剑网3郭炜炜离职			no
#我家那闺女#	20260827	20260827_17:52:20	no	我家那闺女	我家那闺女		综艺	no
#吉隆泥石流倒车脱险川J牌车主发声#	20260827	20260827_17:52:20	yes	#吉隆泥石流倒车脱险川J牌车主发声#	吉隆泥石流倒车脱险川J牌车主发声	新		no
#DeepSeek不语只是一味地os#	20260827	20260827_17:52:20	no	DeepSeek不语只是一味地os	DeepSeek不语只是一味地os	新		no
#西方为何痛批中国治沙#	20260827	20260827_17:52:20	no	西方为何痛批中国治沙	西方为何痛批中国治沙	新		no
#西藏吉隆泥石流#	20260827	20260827_18:02:05	yes	#西藏吉隆泥石流#	西藏吉隆泥石流	热		no
#李乃文的外卖差点被加料#	20260827	20260827_18:02:05	yes	#李乃文的外卖差点被加料#	李乃文的外卖差点被加料		综艺	no
#中国女生尸体被弃垃圾焚烧厂或被毁#	20260827	20260827_18:02:05	yes	#中国女生尸体被弃垃圾焚烧厂或被毁#	中国女生尸体被弃垃圾焚烧厂或被毁	热		no
#君乐宝牛奶 菌落超标#	20260827	20260827_18:02:05	no	君乐宝牛奶 菌落超标	君乐宝牛奶 菌落超标	新		no
#西藏吉隆口岸今昔对比#	20260827	20260827_18:02:05	yes	#西藏吉隆口岸今昔对比#	西藏吉隆口岸今昔对比	新		no
#外媒质疑王楚钦兼三项#	20260827	20260827_18:02:05	no	外媒质疑王楚钦兼三项	外媒质疑王楚钦兼三项	新		no
#西山居回应郭炜炜离职#	20260827	20260827_18:02:05	yes	#西山居回应郭炜炜离职#	西山居回应郭炜炜离职	新		no
#邓紫棋为英雄联盟配音#	20260827	20260827_18:02:05	yes	#邓紫棋为英雄联盟配音#	邓紫棋为英雄联盟配音	新		no
#曹骏披荆斩棘涨粉第一#	20260827	20260827_18:02:05	yes	#曹骏披荆斩棘涨粉第一#	曹骏披荆斩棘涨粉第一	新		no
#未领证办婚礼41天丈夫去世#	20260827	20260827_18:02:05	yes	#未领证办婚礼41天丈夫去世#	未领证办婚礼41天丈夫去世	新		no
#尼泊尔山洪死亡已达270人#	20260827	20260827_18:12:18	yes	#尼泊尔山洪死亡已达270人#	尼泊尔山洪死亡已达270人	爆		no
#景甜富豪男友疑似孙宇晨#	20260827	20260827_18:12:18	no	景甜富豪男友疑似孙宇晨	景甜富豪男友疑似孙宇晨	新		no
#星宇股份 欧盟投诉成笑料#	20260827	20260827_18:12:18	no	星宇股份 欧盟投诉成笑料	星宇股份 欧盟投诉成笑料	新		no
#丁禹兮躺在孟子义的腿上#	20260827	20260827_18:12:18	yes	#丁禹兮躺在孟子义的腿上#	丁禹兮躺在孟子义的腿上	新	剧集	no
#中国女生尸体被弃垃圾焚烧厂或被毁#	20260827	20260827_18:12:18	yes	#中国女生尸体被弃垃圾焚烧厂或被毁#	中国女生尸体被弃垃圾焚烧厂或被毁			no
#谁上班陈俊生爱谁#	20260827	20260827_18:12:18	no	谁上班陈俊生爱谁	谁上班陈俊生爱谁	新		no
#爸妈什么都问AI有风险吗#	20260827	20260827_18:12:18	yes	#爸妈什么都问AI有风险吗#	爸妈什么都问AI有风险吗	新		no
#国乒中国大满贯双打名单#	20260827	20260827_18:12:18	yes	#国乒中国大满贯双打名单#	国乒中国大满贯双打名单	新		no
#建议有空去看英语综艺#	20260827	20260827_18:12:18	no	建议有空去看英语综艺	建议有空去看英语综艺	新		no
#李强抵达吉隆指导抢险救灾#	20260827	20260827_18:22:23	yes	#李强抵达吉隆指导抢险救灾#	李强抵达吉隆指导抢险救灾			no
#郭炜炜感谢雷军#	20260827	20260827_18:22:23	yes	#郭炜炜感谢雷军#	郭炜炜感谢雷军	新		no
#贺涵的造型师竟然是闵塔鲨#	20260827	20260827_18:22:23	yes	#贺涵的造型师竟然是闵塔鲨#	贺涵的造型师竟然是闵塔鲨	新	剧集	no
#距离吉隆口岸国门3公里处通信信号恢复#	20260827	20260827_18:22:23	yes	#距离吉隆口岸国门3公里处通信信号恢复#	距离吉隆口岸国门3公里处通信信号恢复	新		no
#古茗时代少年团排面#	20260827	20260827_18:22:23	yes	#古茗时代少年团排面#	古茗时代少年团排面			no
#王楚钦孙颖莎出战中国大满贯混双#	20260827	20260827_18:22:23	yes	#王楚钦孙颖莎出战中国大满贯混双#	王楚钦孙颖莎出战中国大满贯混双			no
#尼泊尔山洪已致289死#	20260827	20260827_18:32:12	no	尼泊尔山洪已致289死	尼泊尔山洪已致289死	爆		no
#云南2名留守儿童被胡蜂蜇亡#	20260827	20260827_18:32:12	yes	#云南2名留守儿童被胡蜂蜇亡#	云南2名留守儿童被胡蜂蜇亡	新		no
#菜市场有人倒地无人敢扶#	20260827	20260827_18:32:12	no	菜市场有人倒地无人敢扶	菜市场有人倒地无人敢扶			no
#披哥涨粉排行榜#	20260827	20260827_18:32:12	yes	#披哥涨粉排行榜#	披哥涨粉排行榜		综艺	no
#如何认定AI短剧侵权#	20260827	20260827_18:32:12	yes	#如何认定AI短剧侵权#	如何认定AI短剧侵权	新		no
#罗永浩 首席老撕机#	20260827	20260827_18:32:12	no	罗永浩 首席老撕机	罗永浩 首席老撕机	新		no
#香港阿婆在商场打小孩#	20260827	20260827_18:32:12	no	香港阿婆在商场打小孩	香港阿婆在商场打小孩	新		no
#尼泊尔山洪已致289死#	20260827	20260827_18:42:18	yes	#尼泊尔山洪已致289死#	尼泊尔山洪已致289死	新		no
#尼泊尔泥石流工人逃生镜头#	20260827	20260827_18:42:18	no	尼泊尔泥石流工人逃生镜头	尼泊尔泥石流工人逃生镜头			no
#杀害中国女生嫌犯抛尸画面曝光#	20260827	20260827_18:42:18	yes	#杀害中国女生嫌犯抛尸画面曝光#	杀害中国女生嫌犯抛尸画面曝光			no
#刘冲看到大家蛐蛐他了#	20260827	20260827_18:42:18	yes	#刘冲看到大家蛐蛐他了#	刘冲看到大家蛐蛐他了	新	剧集	no
#刘翔安置问题正协商结果或会公布#	20260827	20260827_18:42:18	yes	#刘翔安置问题正协商结果或会公布#	刘翔安置问题正协商结果或会公布	新		no
#朱志鑫自我认知最清晰的一次#	20260827	20260827_18:42:18	yes	#朱志鑫自我认知最清晰的一次#	朱志鑫自我认知最清晰的一次	新		no
#杀害中国女生嫌犯主张两人秘密恋爱#	20260827	20260827_18:42:18	no	杀害中国女生嫌犯主张两人秘密恋爱	杀害中国女生嫌犯主张两人秘密恋爱	新		no
#警方称杀害中国女生嫌犯手段残忍#	20260827	20260827_18:42:18	yes	#警方称杀害中国女生嫌犯手段残忍#	警方称杀害中国女生嫌犯手段残忍			no
#雷军感谢剑网3制作人郭炜炜#	20260827	20260827_18:42:18	yes	#雷军感谢剑网3制作人郭炜炜#	雷军感谢剑网3制作人郭炜炜			no
#欢子委托offer5律所起诉#	20260827	20260827_18:42:18	yes	#欢子委托offer5律所起诉#	欢子委托offer5律所起诉			no
#台湾大学生感叹被骗了20年#	20260827	20260827_18:42:18	no	台湾大学生感叹被骗了20年	台湾大学生感叹被骗了20年	新		no
#曝金鹿奖影帝檀健次#	20260827	20260827_18:52:09	yes	#曝金鹿奖影帝檀健次#	曝金鹿奖影帝檀健次	新		no
#智元获机器人运动会金牌榜第一#	20260827	20260827_18:52:09	yes	#智元获机器人运动会金牌榜第一#	智元获机器人运动会金牌榜第一			no
#涟源煤矿事故失联人员遗体已找到#	20260827	20260827_18:52:09	yes	#涟源煤矿事故失联人员遗体已找到#	涟源煤矿事故失联人员遗体已找到	新		no
#人一定要卯足劲去到好的环境#	20260827	20260827_18:52:09	no	人一定要卯足劲去到好的环境	人一定要卯足劲去到好的环境	新		no
#被中式美学治愈的瞬间#	20260827	20260827_18:52:09	yes	#被中式美学治愈的瞬间#	被中式美学治愈的瞬间	新		no
#KPL#	20260827	20260827_18:52:09	no	KPL	KPL	新		no
#尼泊尔山洪已致289死#	20260827	20260827_19:02:36	yes	#尼泊尔山洪已致289死#	尼泊尔山洪已致289死	沸		no
#网友吐槽清华美院教授画的清洁工#	20260827	20260827_19:02:36	no	网友吐槽清华美院教授画的清洁工	网友吐槽清华美院教授画的清洁工			no
#爸爸吊着女儿从桥下救狗狗的视频火了#	20260827	20260827_19:02:36	no	爸爸吊着女儿从桥下救狗狗的视频火了	爸爸吊着女儿从桥下救狗狗的视频火了			no
#曝虞书欣因违反交规被约谈#	20260827	20260827_19:02:36	yes	#曝虞书欣因违反交规被约谈#	曝虞书欣因违反交规被约谈	新		no
#刘冲回应是早春晴朗luke原型#	20260827	20260827_19:02:36	no	刘冲回应是早春晴朗luke原型	刘冲回应是早春晴朗luke原型		剧集	no
#在韩遇害女生确切死亡时间#	20260827	20260827_19:02:36	yes	#在韩遇害女生确切死亡时间#	在韩遇害女生确切死亡时间	新		no
#恋与深空#	20260827	20260827_19:02:36	no	恋与深空	恋与深空	新		no
#上海一星巴克紧急调整宠物不能进店#	20260827	20260827_19:02:36	yes	#上海一星巴克紧急调整宠物不能进店#	上海一星巴克紧急调整宠物不能进店	新		no
#车澈瘦成这样了#	20260827	20260827_19:12:13	yes	#车澈瘦成这样了#	车澈瘦成这样了			no
#17岁女生遭性侵后轻生离世家属发声#	20260827	20260827_19:12:13	yes	#17岁女生遭性侵后轻生离世家属发声#	17岁女生遭性侵后轻生离世家属发声	新		no
#佳偶天成回款2.51亿#	20260827	20260827_19:12:13	no	佳偶天成回款2.51亿	佳偶天成回款2.51亿	新		no
#完全不烦papi热烈欢迎的姜思达#	20260827	20260827_19:12:13	no	完全不烦papi热烈欢迎的姜思达	完全不烦papi热烈欢迎的姜思达	新		no
#橹穆手办#	20260827	20260827_19:22:22	no	橹穆手办	橹穆手办	新		no
#在韩遇害女生家属怒斥嫌犯结婚说法#	20260827	20260827_19:22:22	yes	#在韩遇害女生家属怒斥嫌犯结婚说法#	在韩遇害女生家属怒斥嫌犯结婚说法	新		no
#西方为何痛批中国治沙#	20260827	20260827_19:22:22	no	西方为何痛批中国治沙	西方为何痛批中国治沙			no
#惠英红千字长文#	20260827	20260827_19:22:22	yes	#惠英红千字长文#	惠英红千字长文	新		no
#网传张家界老人拾荒无人照料不实#	20260827	20260827_19:32:03	yes		网传张家界老人拾荒无人照料不实	辟谣		yes
#外媒质疑王楚钦兼三项#	20260827	20260827_19:32:03	no	外媒质疑王楚钦兼三项	外媒质疑王楚钦兼三项			no
#西藏吉隆口岸今昔对比#	20260827	20260827_19:32:03	yes	#西藏吉隆口岸今昔对比#	西藏吉隆口岸今昔对比			no
#中元节夜晚出行#	20260827	20260827_19:32:03	no	中元节夜晚出行	中元节夜晚出行	新		no
#未领证办婚礼41天丈夫去世#	20260827	20260827_19:32:03	yes	#未领证办婚礼41天丈夫去世#	未领证办婚礼41天丈夫去世			no
#原来郭麒麟是艺名#	20260827	20260827_19:32:03	yes	#原来郭麒麟是艺名#	原来郭麒麟是艺名	新		no
#吉隆口岸受灾区满目冲刷痕迹#	20260827	20260827_19:32:03	yes	#吉隆口岸受灾区满目冲刷痕迹#	吉隆口岸受灾区满目冲刷痕迹	新		no
#曹骏披荆斩棘涨粉第一#	20260827	20260827_19:32:03	yes	#曹骏披荆斩棘涨粉第一#	曹骏披荆斩棘涨粉第一			no
#DeepSeek不语只是一味地os#	20260827	20260827_19:32:03	no	DeepSeek不语只是一味地os	DeepSeek不语只是一味地os			no
#尼泊尔山洪已致332死#	20260827	20260827_19:41:47	no	尼泊尔山洪已致332死	尼泊尔山洪已致332死			no
#孙宇晨起诉景甜#	20260827	20260827_19:41:47	no	孙宇晨起诉景甜	孙宇晨起诉景甜	新		no
#沙德尔加强为强台风#	20260827	20260827_19:41:47	yes	#沙德尔加强为强台风#	沙德尔加强为强台风	新		no
#景甜方称一切交给法院处理#	20260827	20260827_19:41:47	yes	#景甜方称一切交给法院处理#	景甜方称一切交给法院处理	新		no
#什么行为会让人好感度暴跌#	20260827	20260827_19:41:47	no	什么行为会让人好感度暴跌	什么行为会让人好感度暴跌	新		no
#22岁女子考研零食当饭吃患上怪病#	20260827	20260827_19:41:47	yes	#22岁女子考研零食当饭吃患上怪病#	22岁女子考研零食当饭吃患上怪病	新		no
#马嘉祺自己发EP时间表#	20260827	20260827_19:41:47	yes	#马嘉祺自己发EP时间表#	马嘉祺自己发EP时间表	新	音乐	no
#尼泊尔山洪359人死亡#	20260827	20260827_19:52:13	no	尼泊尔山洪359人死亡	尼泊尔山洪359人死亡			no
#尼泊尔冰崩7分钟到西藏吉隆#	20260827	20260827_19:52:13	yes	#尼泊尔冰崩7分钟到西藏吉隆#	尼泊尔冰崩7分钟到西藏吉隆	新		no
#花开锦绣第一#	20260827	20260827_19:52:13	yes	#花开锦绣第一#	花开锦绣第一	新	剧集	no
#国乒中国大满贯双打名单#	20260827	20260827_19:52:13	yes	#国乒中国大满贯双打名单#	国乒中国大满贯双打名单			no
#金鹰奖延期#	20260827	20260827_20:02:30	yes	#金鹰奖延期#	金鹰奖延期	新	盛典	no
#RIIZE拉椅子交通卡能飞#	20260827	20260827_20:02:30	yes		RIIZE拉椅子交通卡能飞	荐		yes
#尼泊尔山洪359人死亡#	20260827	20260827_20:02:30	yes	#尼泊尔山洪359人死亡#	尼泊尔山洪359人死亡	热		no
#罗永浩 首席老撕机#	20260827	20260827_20:02:30	no	罗永浩 首席老撕机	罗永浩 首席老撕机			no
#早春晴朗尺度震惊老外#	20260827	20260827_20:02:30	yes	#早春晴朗尺度震惊老外#	早春晴朗尺度震惊老外	新	剧集	no
#央视曝光AI相亲陷阱#	20260827	20260827_20:02:30	yes	#央视曝光AI相亲陷阱#	央视曝光AI相亲陷阱	新		no
#昆凌9旬爷爷拿奖牌#	20260827	20260827_20:02:30	yes	#昆凌9旬爷爷拿奖牌#	昆凌9旬爷爷拿奖牌	新		no
#贵州17岁女生称遭侵害报警后轻生#	20260827	20260827_20:02:30	yes	#贵州17岁女生称遭侵害报警后轻生#	贵州17岁女生称遭侵害报警后轻生	新		no
#嫂子把小叔子当自己孩子养了7年#	20260827	20260827_20:02:30	yes	#嫂子把小叔子当自己孩子养了7年#	嫂子把小叔子当自己孩子养了7年	新		no
#泰国男子将活鸡挂天花板当风扇#	20260827	20260827_20:02:30	yes	#泰国男子将活鸡挂天花板当风扇#	泰国男子将活鸡挂天花板当风扇	新		no
#尼泊尔山洪359人死亡#	20260827	20260827_20:12:22	yes	#尼泊尔山洪359人死亡#	尼泊尔山洪359人死亡	沸		no
#杀害中国女生嫌犯主张两人秘密恋爱#	20260827	20260827_20:12:22	no	杀害中国女生嫌犯主张两人秘密恋爱	杀害中国女生嫌犯主张两人秘密恋爱			no
#微店崩了#	20260827	20260827_20:12:22	no	微店崩了	微店崩了	新		no
#台湾大学生感叹被骗了20年#	20260827	20260827_20:12:22	no	台湾大学生感叹被骗了20年	台湾大学生感叹被骗了20年			no
#肖战起诉泄漏隐私用户#	20260827	20260827_20:12:22	yes	#肖战起诉泄漏隐私用户#	肖战起诉泄漏隐私用户	新		no
#国家航天局调度卫星资源保障吉隆抢险救灾#	20260827	20260827_20:22:01	yes	#国家航天局调度卫星资源保障吉隆抢险救灾#	国家航天局调度卫星资源保障吉隆抢险救灾	新		no
#西藏吉隆泥石流#	20260827	20260827_20:22:01	yes	#西藏吉隆泥石流#	西藏吉隆泥石流	沸		no
#从绿色算力到词元经济#	20260827	20260827_20:22:01	yes	#从绿色算力到词元经济#	从绿色算力到词元经济	新		no
#孙宇晨起诉景甜#	20260827	20260827_20:22:01	no	孙宇晨起诉景甜	孙宇晨起诉景甜	爆		no
#时代少年团直播#	20260827	20260827_20:22:01	no	时代少年团直播	时代少年团直播	新		no
#直播间售卖高中入学名额乱象调查#	20260827	20260827_20:22:01	yes	#直播间售卖高中入学名额乱象调查#	直播间售卖高中入学名额乱象调查	新		no
#KPL#	20260827	20260827_20:22:01	no	KPL	KPL			no
#曝金鹿奖影帝檀健次#	20260827	20260827_20:22:01	yes	#曝金鹿奖影帝檀健次#	曝金鹿奖影帝檀健次		电影	no
#梁洁新剧演出生理性痛感#	20260827	20260827_20:22:01	yes	#梁洁新剧演出生理性痛感#	梁洁新剧演出生理性痛感	新	剧集	no
#央视发布吉隆受灾前后对比图#	20260827	20260827_20:22:01	yes	#央视发布吉隆受灾前后对比图#	央视发布吉隆受灾前后对比图	新		no
#解放军和武警部队已派500余人救援#	20260827	20260827_20:32:34	yes	#解放军和武警部队已派500余人救援#	解放军和武警部队已派500余人救援	新		no
#孙宇晨 我的女友景甜#	20260827	20260827_20:32:34	no	孙宇晨 我的女友景甜	孙宇晨 我的女友景甜	新		no
#男子称守墓月薪6千没有KPI压力#	20260827	20260827_20:32:34	yes	#男子称守墓月薪6千没有KPI压力#	男子称守墓月薪6千没有KPI压力	新		no
#孙宇晨 曾颖#	20260827	20260827_20:32:34	no	孙宇晨 曾颖	孙宇晨 曾颖	新		no
#恋与深空#	20260827	20260827_20:32:34	no	恋与深空	恋与深空			no
#Gemini直播#	20260827	20260827_20:32:34	no	Gemini直播	Gemini直播	新		no
#很难在综艺上见到这么素的素颜#	20260827	20260827_20:32:34	yes	#很难在综艺上见到这么素的素颜#	很难在综艺上见到这么素的素颜	新	综艺	no
#星动剪刀手养成日记#	20260827	20260827_20:42:18	yes		星动剪刀手养成日记	荐		yes
#佳偶天成回款2.51亿#	20260827	20260827_20:42:18	no	佳偶天成回款2.51亿	佳偶天成回款2.51亿		剧集	no
#中元节夜晚出行#	20260827	20260827_20:42:18	no	中元节夜晚出行	中元节夜晚出行			no
#B站业绩#	20260827	20260827_20:42:18	yes	#B站业绩#	B站业绩	新		no
#孙宇晨小作文#	20260827	20260827_20:42:18	no	孙宇晨小作文	孙宇晨小作文	新		no
#完全不烦papi热烈欢迎的姜思达#	20260827	20260827_20:42:18	no	完全不烦papi热烈欢迎的姜思达	完全不烦papi热烈欢迎的姜思达			no
#万豪酒店区别对待团体与散客#	20260827	20260827_20:42:18	yes	#万豪酒店区别对待团体与散客#	万豪酒店区别对待团体与散客	新		no
#孙宇晨是谁#	20260827	20260827_20:42:18	no	孙宇晨是谁	孙宇晨是谁	新		no
#上海一星巴克紧急调整宠物不能进店#	20260827	20260827_20:42:18	yes	#上海一星巴克紧急调整宠物不能进店#	上海一星巴克紧急调整宠物不能进店			no
#惠英红千字长文#	20260827	20260827_20:52:27	yes	#惠英红千字长文#	惠英红千字长文			no
#孙宇晨 我的女友景甜#	20260827	20260827_20:52:27	no	孙宇晨 我的女友景甜	孙宇晨 我的女友景甜	爆		no
#官方通报小学入学需填家长学历工作#	20260827	20260827_20:52:27	yes	#官方通报小学入学需填家长学历工作#	官方通报小学入学需填家长学历工作	新		no
#橹穆手办#	20260827	20260827_20:52:27	no	橹穆手办	橹穆手办	沸		no
#青春芒果夜 录播#	20260827	20260827_20:52:27	no	青春芒果夜 录播	青春芒果夜 录播	新	演出	no
#孙宇晨 一颗卵子的重量3.5微克#	20260827	20260827_20:52:27	no	孙宇晨 一颗卵子的重量3.5微克	孙宇晨 一颗卵子的重量3.5微克	新		no
#女子生下4胞胎丈夫感慨省了几十万#	20260827	20260827_20:52:27	yes	#女子生下4胞胎丈夫感慨省了几十万#	女子生下4胞胎丈夫感慨省了几十万	新		no
#井柏然孙千半裸疗伤海报#	20260827	20260827_20:52:27	no	井柏然孙千半裸疗伤海报	井柏然孙千半裸疗伤海报	新	剧集	no
#佳偶天成回款2.51亿#	20260827	20260827_21:02:38	no	佳偶天成回款2.51亿	佳偶天成回款2.51亿	热	剧集	no
#Scout无缘世界赛#	20260827	20260827_21:02:38	yes	#Scout无缘世界赛#	Scout无缘世界赛	新		no
#橹穆手办#	20260827	20260827_21:02:38	no	橹穆手办	橹穆手办			no
#清华美院 丑画#	20260827	20260827_21:02:38	no	清华美院 丑画	清华美院 丑画	新		no
#苹果9月发布会新品前瞻#	20260827	20260827_21:12:17	yes	#苹果9月发布会新品前瞻#	苹果9月发布会新品前瞻	新		no
#两兄妹被蜂群蜇亡案养蜂人被公诉#	20260827	20260827_21:12:17	yes	#两兄妹被蜂群蜇亡案养蜂人被公诉#	两兄妹被蜂群蜇亡案养蜂人被公诉	新		no
#王俊凯演唱会二开#	20260827	20260827_21:12:17	no	王俊凯演唱会二开	王俊凯演唱会二开	新	演出	no
#安徽机器人夺得世界冠军#	20260827	20260827_21:12:17	yes	#安徽机器人夺得世界冠军#	安徽机器人夺得世界冠军	新		no
#什么行为会让人好感度暴跌#	20260827	20260827_21:12:17	no	什么行为会让人好感度暴跌	什么行为会让人好感度暴跌			no
#家电三巨头集体杀入具身智能赛道#	20260827	20260827_21:12:17	yes	#家电三巨头集体杀入具身智能赛道#	家电三巨头集体杀入具身智能赛道	新		no
#警方通报幼儿园负责人被家长抓咬#	20260827	20260827_21:12:17	yes	#警方通报幼儿园负责人被家长抓咬#	警方通报幼儿园负责人被家长抓咬	新		no
#香港警方通报68岁老人掌掴5岁女童#	20260827	20260827_21:12:17	yes	#香港警方通报68岁老人掌掴5岁女童#	香港警方通报68岁老人掌掴5岁女童	新		no
#王者万象棋正式公布上线时间#	20260827	20260827_21:22:22	yes	#王者万象棋正式公布上线时间#	王者万象棋正式公布上线时间	新		no
#尼泊尔山洪359人死亡910人失联#	20260827	20260827_21:22:22	no	尼泊尔山洪359人死亡910人失联	尼泊尔山洪359人死亡910人失联			no
#尼泊尔冰崩7分钟到西藏吉隆#	20260827	20260827_21:22:22	yes	#尼泊尔冰崩7分钟到西藏吉隆#	尼泊尔冰崩7分钟到西藏吉隆			no
#22岁女子考研零食当饭吃患上怪病#	20260827	20260827_21:22:22	yes	#22岁女子考研零食当饭吃患上怪病#	22岁女子考研零食当饭吃患上怪病			no
#冰箱得房率哪家强#	20260827	20260827_21:22:22	yes	#冰箱得房率哪家强#	冰箱得房率哪家强	新		no
#KPL十年十大年度记忆人物#	20260827	20260827_21:22:22	yes	#KPL十年十大年度记忆人物#	KPL十年十大年度记忆人物	新		no
#九尾状态#	20260827	20260827_21:22:22	no	九尾状态	九尾状态	新		no
#泰国男子将活鸡挂天花板当风扇#	20260827	20260827_21:22:22	yes	#泰国男子将活鸡挂天花板当风扇#	泰国男子将活鸡挂天花板当风扇			no
#金鹰奖延期#	20260827	20260827_21:32:23	yes	#金鹰奖延期#	金鹰奖延期		盛典	no
#龙骨焚箱#	20260827	20260827_21:32:23	no	龙骨焚箱	龙骨焚箱	新	剧集	no
#中元节禁忌其实被误解了#	20260827	20260827_21:32:23	yes		中元节禁忌其实被误解了	辟谣		yes
#早春晴朗尺度震惊老外#	20260827	20260827_21:32:23	yes	#早春晴朗尺度震惊老外#	早春晴朗尺度震惊老外		剧集	no
#西藏吉隆口岸最新航拍画面#	20260827	20260827_21:32:23	yes	#西藏吉隆口岸最新航拍画面#	西藏吉隆口岸最新航拍画面	新		no
#原来郭麒麟是艺名#	20260827	20260827_21:32:23	yes	#原来郭麒麟是艺名#	原来郭麒麟是艺名			no
#LGDNBW遗憾止步季后赛#	20260827	20260827_21:32:23	no	LGDNBW遗憾止步季后赛	LGDNBW遗憾止步季后赛	新		no
#儿子越南坠海父母认其女友为干女儿#	20260827	20260827_21:32:23	yes	#儿子越南坠海父母认其女友为干女儿#	儿子越南坠海父母认其女友为干女儿	新		no
#韩国恋综网红女嘉宾皮肤好神奇#	20260827	20260827_21:42:21	no	韩国恋综网红女嘉宾皮肤好神奇	韩国恋综网红女嘉宾皮肤好神奇	新		no
#尼泊尔山洪359人死亡910人失联#	20260827	20260827_21:42:21	yes	#尼泊尔山洪359人死亡910人失联#	尼泊尔山洪359人死亡910人失联	沸		no
#医疗费很贵 请你振作#	20260827	20260827_21:42:21	no	医疗费很贵 请你振作	医疗费很贵 请你振作	新		no
#肖战起诉泄漏隐私用户#	20260827	20260827_21:42:21	yes	#肖战起诉泄漏隐私用户#	肖战起诉泄漏隐私用户			no
#尼泊尔网友拍到泥石流冲断大桥#	20260827	20260827_21:42:21	no	尼泊尔网友拍到泥石流冲断大桥	尼泊尔网友拍到泥石流冲断大桥	新		no
#黄子弘凡支招课余时间怎么过#	20260827	20260827_21:52:17	yes		黄子弘凡支招课余时间怎么过	荐		yes
#两兄妹被胡蜂蜇亡伤口均数百处#	20260827	20260827_21:52:17	yes	#两兄妹被胡蜂蜇亡伤口均数百处#	两兄妹被胡蜂蜇亡伤口均数百处	新		no
#Claude 不要把五千万美元给她#	20260827	20260827_21:52:17	no	Claude 不要把五千万美元给她	Claude 不要把五千万美元给她	新		no
#蔚来最出圈的功能是实习生做的#	20260827	20260827_21:52:17	yes	#蔚来最出圈的功能是实习生做的#	蔚来最出圈的功能是实习生做的	新		no
#央视发布吉隆受灾前后对比图#	20260827	20260827_21:52:17	yes	#央视发布吉隆受灾前后对比图#	央视发布吉隆受灾前后对比图			no
#时代少年团直播#	20260827	20260827_21:52:17	no	时代少年团直播	时代少年团直播			no
#解放军和武警部队已派500余人救援#	20260827	20260827_22:02:35	yes	#解放军和武警部队已派500余人救援#	解放军和武警部队已派500余人救援			no
#孙宇晨 曾颖#	20260827	20260827_22:02:35	no	孙宇晨 曾颖	孙宇晨 曾颖	热		no
#颖学#	20260827	20260827_22:02:35	no	颖学	颖学	新		no
#22岁女生患不宁腿综合征#	20260827	20260827_22:02:35	yes	#22岁女生患不宁腿综合征#	22岁女生患不宁腿综合征	新		no
#张继科直播#	20260827	20260827_22:12:16	no	张继科直播	张继科直播	新		no
#孙宇晨资产#	20260827	20260827_22:12:16	yes	#孙宇晨资产#	孙宇晨资产	新		no
#曾颖文笔 更胜一筹#	20260827	20260827_22:12:16	no	曾颖文笔 更胜一筹	曾颖文笔 更胜一筹	新		no
#B站业绩#	20260827	20260827_22:12:16	yes	#B站业绩#	B站业绩			no
#赵心童登顶世界第一#	20260827	20260827_22:12:16	no	赵心童登顶世界第一	赵心童登顶世界第一	新		no
#儿童手表 设计过度#	20260827	20260827_22:12:16	no	儿童手表 设计过度	儿童手表 设计过度	新		no
#孙宇晨她以为我不想去#	20260827	20260827_22:22:22	yes	#孙宇晨她以为我不想去#	孙宇晨她以为我不想去	新		no
#女子生下4胞胎丈夫感慨省了几十万#	20260827	20260827_22:22:22	yes	#女子生下4胞胎丈夫感慨省了几十万#	女子生下4胞胎丈夫感慨省了几十万			no
#90后亿万富翁孙宇晨商业版图#	20260827	20260827_22:22:22	yes	#90后亿万富翁孙宇晨商业版图#	90后亿万富翁孙宇晨商业版图	新		no
#井柏然孙千半裸疗伤海报#	20260827	20260827_22:22:22	yes	#井柏然孙千半裸疗伤海报#	井柏然孙千半裸疗伤海报		剧集	no
#花少2被称第五大名著#	20260827	20260827_22:22:22	no	花少2被称第五大名著	花少2被称第五大名著	新	综艺	no
#9岁男孩小区内遭垃圾车碾轧身亡#	20260827	20260827_22:32:29	yes	#9岁男孩小区内遭垃圾车碾轧身亡#	9岁男孩小区内遭垃圾车碾轧身亡	新		no
#Claude全责#	20260827	20260827_22:32:29	no	Claude全责	Claude全责	新		no
#刘耀文 B站#	20260827	20260827_22:32:29	no	刘耀文 B站	刘耀文 B站	新		no
#清华美院 丑画#	20260827	20260827_22:32:29	no	清华美院 丑画	清华美院 丑画			no
#一座失去皇后的凡尔赛宫#	20260827	20260827_22:32:29	no	一座失去皇后的凡尔赛宫	一座失去皇后的凡尔赛宫	新		no
#张继科直播#	20260827	20260827_22:41:32	no	张继科直播	张继科直播	爆		no
#梁洁新剧演出生理性痛感#	20260827	20260827_22:41:32	yes	#梁洁新剧演出生理性痛感#	梁洁新剧演出生理性痛感		剧集	no
#苹果9月发布会新品前瞻#	20260827	20260827_22:41:32	yes	#苹果9月发布会新品前瞻#	苹果9月发布会新品前瞻			no
#香港警方通报68岁老人掌掴5岁女童#	20260827	20260827_22:52:27	yes	#香港警方通报68岁老人掌掴5岁女童#	香港警方通报68岁老人掌掴5岁女童			no
#王者万象棋正式公布上线时间#	20260827	20260827_22:52:27	yes	#王者万象棋正式公布上线时间#	王者万象棋正式公布上线时间			no
#星巴克回应六神磊磊让座事件#	20260827	20260827_22:52:27	no	星巴克回应六神磊磊让座事件	星巴克回应六神磊磊让座事件	新		no
#早春晴朗内娱最意难平男二#	20260827	20260827_22:52:27	yes	#早春晴朗内娱最意难平男二#	早春晴朗内娱最意难平男二	新	剧集	no
#KPL十年十大年度记忆人物#	20260827	20260827_22:52:27	yes	#KPL十年十大年度记忆人物#	KPL十年十大年度记忆人物			no
#刘翔我放得了自己别人放不了我#	20260827	20260827_22:52:27	no	刘翔我放得了自己别人放不了我	刘翔我放得了自己别人放不了我	新		no
#票卖光了只有两人看 不全是为了票房#	20260827	20260827_22:52:27	no	票卖光了只有两人看 不全是为了票房	票卖光了只有两人看 不全是为了票房	新		no
#龙骨焚箱#	20260827	20260827_23:02:39	no	龙骨焚箱	龙骨焚箱	热	剧集	no
#西藏吉隆口岸最新航拍画面#	20260827	20260827_23:02:39	yes	#西藏吉隆口岸最新航拍画面#	西藏吉隆口岸最新航拍画面			no
#儿子越南坠海父母认其女友为干女儿#	20260827	20260827_23:02:39	yes	#儿子越南坠海父母认其女友为干女儿#	儿子越南坠海父母认其女友为干女儿			no
#孙宇晨当年保存的照片#	20260827	20260827_23:02:39	no	孙宇晨当年保存的照片	孙宇晨当年保存的照片	新		no
#孙宇晨不能来北京的原因#	20260827	20260827_23:02:39	yes	#孙宇晨不能来北京的原因#	孙宇晨不能来北京的原因	新		no
#台湾高中语文露骨内容引争议#	20260827	20260827_23:02:39	no	台湾高中语文露骨内容引争议	台湾高中语文露骨内容引争议	新		no
#韩国恋综网红女嘉宾皮肤好神奇#	20260827	20260827_23:12:23	no	韩国恋综网红女嘉宾皮肤好神奇	韩国恋综网红女嘉宾皮肤好神奇			no
#尼泊尔网友拍到泥石流冲断大桥#	20260827	20260827_23:12:23	no	尼泊尔网友拍到泥石流冲断大桥	尼泊尔网友拍到泥石流冲断大桥			no
#医疗费很贵 请你振作#	20260827	20260827_23:12:23	no	医疗费很贵 请你振作	医疗费很贵 请你振作			no
#两兄妹被胡蜂蜇亡伤口均数百处#	20260827	20260827_23:12:23	yes	#两兄妹被胡蜂蜇亡伤口均数百处#	两兄妹被胡蜂蜇亡伤口均数百处			no
#九尾说年总见#	20260827	20260827_23:12:23	yes	#九尾说年总见#	九尾说年总见	新		no
#西藏吉隆夜间体感温度逼近零度#	20260827	20260827_23:12:23	yes	#西藏吉隆夜间体感温度逼近零度#	西藏吉隆夜间体感温度逼近零度	新		no
#你永远斗不过一个读了王阳明的女生#	20260827	20260827_23:12:23	no	你永远斗不过一个读了王阳明的女生	你永远斗不过一个读了王阳明的女生	新		no
#蔚来最出圈的功能是实习生做的#	20260827	20260827_23:22:22	yes	#蔚来最出圈的功能是实习生做的#	蔚来最出圈的功能是实习生做的			no
#Claude 不要把五千万美元给她#	20260827	20260827_23:22:22	no	Claude 不要把五千万美元给她	Claude 不要把五千万美元给她			no
#失踪104天遗体距住处400米#	20260827	20260827_23:22:22	yes	#失踪104天遗体距住处400米#	失踪104天遗体距住处400米	新		no
#星宇补偿被解聘学生1.5万已发放#	20260827	20260827_23:22:22	yes	#星宇补偿被解聘学生1.5万已发放#	星宇补偿被解聘学生1.5万已发放	新		no
#乐山一男孩小区玩耍被垃圾车撞亡#	20260827	20260827_23:22:22	yes	#乐山一男孩小区玩耍被垃圾车撞亡#	乐山一男孩小区玩耍被垃圾车撞亡	新		no
#吉隆口岸卫星无人机救援#	20260827	20260827_23:22:22	no	吉隆口岸卫星无人机救援	吉隆口岸卫星无人机救援	新		no
#22岁女生患不宁腿综合征#	20260827	20260827_23:32:51	yes	#22岁女生患不宁腿综合征#	22岁女生患不宁腿综合征			no
#颖学#	20260827	20260827_23:32:51	no	颖学	颖学			no
#台风沙德尔预报登陆时间推迟#	20260827	20260827_23:32:51	yes	#台风沙德尔预报登陆时间推迟#	台风沙德尔预报登陆时间推迟	新		no
#VOGUE盛典10.23#	20260827	20260827_23:32:51	yes	#VOGUE盛典10.23#	VOGUE盛典10.23	新		no
#赵心童登顶世界第一#	20260827	20260827_23:43:11	yes	#赵心童登顶世界第一#	赵心童登顶世界第一			no
#曾颖文笔 更胜一筹#	20260827	20260827_23:43:11	no	曾颖文笔 更胜一筹	曾颖文笔 更胜一筹			no
#小天才多次出现数据与实际不符#	20260827	20260827_23:43:11	yes	#小天才多次出现数据与实际不符#	小天才多次出现数据与实际不符	新		no
#郑钦文vs普里丹金娜#	20260827	20260827_23:43:11	yes	#郑钦文vs普里丹金娜#	郑钦文vs普里丹金娜	新		no
#西藏吉隆泥石流救援#	20260827	20260827_23:43:11	no	西藏吉隆泥石流救援	西藏吉隆泥石流救援	新		no
#孙宇晨 曾颖#	20260827	20260827_23:43:11	no	孙宇晨 曾颖	孙宇晨 曾颖			no
#花少2被称第五大名著#	20260827	20260827_23:52:26	no	花少2被称第五大名著	花少2被称第五大名著		综艺	no
#孙宇晨爱与不爱真的很明显#	20260827	20260827_23:52:26	yes	#孙宇晨爱与不爱真的很明显#	孙宇晨爱与不爱真的很明显	新		no
#AI人间清醒军师#	20260827	20260827_23:52:26	no	AI人间清醒军师	AI人间清醒军师	新		no
#千万不要纠正孩子的这五个习惯#	20260827	20260827_23:52:26	no	千万不要纠正孩子的这五个习惯	千万不要纠正孩子的这五个习惯	新		no
#两兄妹被蜂群蜇亡父亲最新发声#	20260827	20260827_23:52:26	yes	#两兄妹被蜂群蜇亡父亲最新发声#	两兄妹被蜂群蜇亡父亲最新发声	新		no
#孙宇晨是谁#	20260827	20260827_23:52:26	no	孙宇晨是谁	孙宇晨是谁			no
#赵本山女儿直播掉美颜#	20260827	20260827_23:52:26	yes	#赵本山女儿直播掉美颜#	赵本山女儿直播掉美颜	新		no
